174.088
169.913
180.369
185.929
168.083
178.574
165.425
178.07
176.75
161.731
189.512
186.381
185.102
181.771
177.218
175.918
187.177
181.89
189.042
185.793
190.775
182.79
172.879
159.052
170.732
177.014
179.912
185.888
184.955
179.263
199.804
182.86
179.908
176.433
174.829
171.947
186.029
188.569
181.105
170.998
181.03
181.292
192.533
181.278
188.294
171.698
176.092
180.806
182.162
171.243
176.583
157.782
200.998
174.857
167.02
176.629
183.178
183.985
177.335
185.882
172.741
180.547
164.574
183.762
203.098
194.623
180.425
181.758
152.925
209.409
178.757
198.33
170.732
199.879
169.805
179.844
188.049
180.83
178.191
197.009
199.811
155.566
167.402
175.855
162.633
167.652
177.498
201.225
186.122
151.738
197.908
182.499
174.137
180.253
187.324
155.35
181.559
191.259
180.9
183.213
189.091
160.921
176.26
187.459
185.402
165.898
173.16
152.036
183.855
176.632
189.232
197.128
192.477
193.304
200.703
171.441
189.67
175.632
201.527
176.518
192.678
185.233
174.832
188.094
179.794
179.41
165.212
186.359
188.489
173.61
185.523
170.615
195.116
172.818
168.023
185.549
193.269
182.705
184.583
188.948
187.467
173.981
203.071
181.786
183.61
177.653
171.873
187.963
204.54
181.06
181.46
175.772
192.362
155.511
182.661
171.615
195.204
168.897
197.44
195.698
171.948
159.558
193.91
178.662
182.057
182.873
151.076
168.744
174.619
167.629
166.676
181.784
170.172
174.158
161.389
182.244
177.86
207.361
173.037
191.476
193.703
184.941
190.977
178.551
159.068
189.777
175.721
160.653
185.126
196.715
166.059
166.523
188.149
173.001
161.634
159.885
162.177
199.938
177.379
170.671
164.384
184.629
192.835
203.886
188.146
183.455
178.091
184.858
194.76
180.922
166.634
177.667
186.113
169.087
190.969
176.239
181.305
182.376
181.421
153.011
179.972
191.814
162.416
178.973
184.216
176.249
156.335
183.186
162.292
159.798
221.259
168.919
173.847
162.097
191.863
189.485
176.406
183.477
190.42
220.633
185.282
190.749
190.146
164.785
190.755
167.684
186.376
162.977
178.612
168.58
191.256
188.063
189.006
181.842
173.307
203.05
189.209
186.47
178.142
178.898
156.527
192.077
168.592
181.632
183.854
188.385
177.802
183.4
160.695
181.943
172.35
173.874
170.046
164.903
180.928
163.823
174.656
201.831
177.263
178.678
174.129
176.767
175.794
173.807
188.629
201.004
184.03
189.097
181.496
166.875
180.694
195.694
170.314
176.54
171.8
157.186
166.269
177.348
179.08
178.834
185.298
187.294
184.185
173.437
166.022
206.389
205.401
178.856
169.214
192.681
180.741
198.596
168.886
198.308
179.208
164.28
189.256
187.746
181.526
197.539
194.513
198.831
182.797
191.473
192.501
167.763
179.817
191.861
172.95
188.027
166.633
176.279
189.26
168.215
188.897
185.482
172.38
192.707
176.932
168.405
192.859
161.144
168.485
185.827
200.976
178.343
184.996
155.921
205.599
187.625
194.867
176.613
169.408
180.032
185.955
172.818
168.703
179.879
183.864
177.505
189.07
180.592
168.938
167.794
168.368
171.575
160.201
161.025
169.502
198.335
206.353
169.545
174.628
177.259
198.058
176.5
177.404
206.674
166.836
188.486
165.199
201.178
181.421
191.862
191.743
182.188
204.738
176.972
182.229
170.319
171.934
183.818
187.791
194.865
173.384
181.508
177.112
176.752
193.498
191.6
178.012
198.132
177.01
168.93
180.513
181.111
185.085
184.456
167.907
160.108
204.427
160.266
203.676
180.581
180.502
171.643
170.22
190.651
202.268
197.345
173.894
169.817
174.524
192.737
177.659
160.587
167.965
185.922
151.648
183.202
179.194
178.622
179.919
172.975
180.821
152.682
151.423
171.989
181.711
145.651
174.602
173.418
182.092
182.717
178.695
178.113
198.042
188.622
183.288
170.541
155.174
193.888
183.544
157.977
175.202
196.246
195.984
173.892
159.45
177.408
192.131
168.489
188.357
189.147
175.575
189.977
187.857
177.775
191.44
185.83
174.147
188.953
170.737
179.637
180.43
184.614
185.117
174.072
170.18
170.6
177.72
188.229
176.131
181.99
148.352
184.647
174.697
176.946
178.011
159.731
182.194
165.035
163.475
152.756
151.309
180.002
180.269
211.926
161.032
178.797
193.665
199.954
179.692
174.134
182.087
171.106
196.956
190.16
225.236
169.261
157.076
166.268
185.686
172.467
182.242
191.421
182.786
180.385
181.881
190.179
180.622
176.034
174.414
187.014
181.185
203.306
190.149
191.074
181.367
193.953
170.736
182.513
167.276
164.011
173.848
180.315
200.003
197.4
187.583
175.599
197.398
208.884
174.308
166.022
197.83
181.578
155.41
172.961
182.527
191.23
177.848
182.983
183.992
201.033
191.351
174.932
155.808
196.178
185.36
162.269
167.589
180.254
176.475
162.399
166.115
184.617
198.949
144.418
194.753
214.559
173.926
181.465
200.048
167.191
173.373
169.553
174.71
172.632
181.581
174.834
196.335
164.118
194.689
179.235
169.043
198.147
170.683
194.184
189.881
172.216
189.47
186.678
189.726
161.723
183.885
179.439
186.23
176.066
187.888
169.294
175.791
173.52
203.863
182.314
164.753
203.525
167.801
167.32
171.405
176.681
193.81
162.722
177.645
192.097
175.244
190.512
172.16
184.809
171.675
180.571
176.389
172.782
163.309
170.71
202.469
159.727
198.665
181.135
188.664
194.131
181.802
195.342
180.459
192.616
175.322
189.559
177.159
189.732
177.484
187.096
186.752
186.765
169.263
189.967
167.74
177.826
179.677
163.906
193.839
170.605
188.399
160.452
161.872
168.285
184.675
180.198
162.573
177.002
183.745
190.238
175.369
184.294
182.494
181.536
169.31
174.239
200.676
190.649
166.872
175.48
172.095
163.262
184.214
167.11
156.657
188.273
164.08
178.536
186.18
197.501
183.39
193.904
171.091
176.294
193.387
194.558
180.916
176.812
174.199
187.251
190.666
184.712
192.115
174.123
188.389
183.328
191.048
168.061
192.08
181.363
161.235
166.734
186.448
181.232
176.221
156.482
174.091
173.086
166.892
174.642
197.356
195.959
168.571
174.11
194.438
164.266
172.92
185.367
169.91
174.724
175.464
172.879
196.636
166.351
190.488
167.283
172.267
187.08
172.011
168.198
193.102
168.108
184.323
167.371
168.821
172.332
198.499
184.531
204.079
196.116
161.4
166.456
203.136
143.132
167.087
191.957
161.084
169.236
177.489
180.817
185.07
175.868
170.529
174.175
179.652
181.656
190.422
184.977
208.894
165.512
178.724
175.185
174.22
174.463
173.167
169.171
186.29
167.664
186.328
193.103
166.83
161.166
201.184
182.083
178.182
205.255
194.122
198.033
156.147
194.027
179.072
200.95
180.975
192.774
160.274
182.274
191.221
165.184
186.539
192.01
179.604
194.178
180.27
186.332
205.615
187.512
166.748
201.475
154.959
182.99
176.886
188.238
152.782
181.278
167.045
189.76
197.944
179.894
162.926
179.284
171.964
199.204
201.203
158.244
190.09
185.083
170.944
165.187
187.71
183.558
207.332
182.25
181.401
201.944
169.469
189.06
186.911
175.557
169.92
183.765
174.021
169.936
163.57
181.163
206.097
196.768
175.437
178.796
172.136
192.483
164.279
191.299
185.55
172.986
188.413
189.931
161.925
173.846
189.558
171.412
160.547
202.052
166.932
151.207
186.606
184.072
179.815
185.443
185.981
163.691
186.869
173.844
179.865
162.26
161.879
174.504
169.852
167.886
200.053
171.291
198.205
159.298
180.181
206.306
175.091
175.705
189.735
185.73
190.74
193.585
157.8
195.53
195.176
188.719
191.27
156.657
185.515
186.602
179.008
173.627
169.539
178.221
180.576
184.439
178.294
171.022
185.052
188.59
181.71
192.434
165.411
169.339
174.809
176.922
196.513
174.942
178.885
190.842
181.136
155.538
159.029
182.975
182.36
180.385
178.341
176.201
192.619
179.546
184.023
190.24
173.191
165.163
170.128
220.896
173.588
155.855
181.971
175.068
184.111
196.668
159.422
204.878
173.241
156.715
171.796
177.82
175.347
161.031
190.23
162.66
174.302
183.042
179.847
174.418
181.981
180.834
186.626
164.904
177.813
180.472
165.559
188.558
180.458
170.114
180.256
185.921
192.651
167.882
189.391
184.327
181.321
177.287
177.47
194.737
168.416
178.725
197.737
189.383
188.028
177.569
183.993
167.195
168.431
184.268
174.125
162.104
195.915
174.762
184.539
190.218
176.917
175.167
163.109
169.604
175.791
175.965
177.574
186.917
186.965
185.087
192.776
190.314
189.47
170.868
175.289
199.689
179.266
174.223
172.216
193.29
185.144
171.208
185.417
168.149
179.744
164.695
187.047
176.411
181.415
177.316
209.536
173.753
201.491
206.926
177.811
173.615
189.068
183.654
198.373
185.262
172.204
160.93
175.723
187.966
176.388
180.772
136.015
174.859
200.247
191.492
175.86
159.664
174.927
161.544
164.465
147.076
182.245
167.37
185.677
160.38
187.817
154.005
171.112
180.461
171.236
173.812
195.843
198.009
159.077
198.088
188.169
164.651
178.688
178.55
199.737
196.638
183.097
188.531
170.575
188.094
164.7
181.616
170.638
173.325
180.58
161.866
176.645
166.293
189.225
158.604
175.322
192.028
181.238
192.566
180.607
154.989
159.997
168.702
182.67
175.664
196.249
173.015
178.383
171.605
170.561
187.391
197.676
178.203
170.043
165.711
216.566
177.969
179.955
174.423
162.941
186.371
165.539
156.301
167.143
166.487
169.972
186.283
175.892
180.765
181.792
179.098
176.583
166.864
175.018
166.613
173.001
181.729
177.33
167.718
188.766
174.652
189.84
192.448
184.675
193.023
180.061
164.037
206.95
185.22
191.944
176.884
170.462
168.614
183.521
171.994
208.552
196.275
172.909
187.532
176.733
156.428
182.287
180.715
190.425
200.416
184.777
179.848
178.94
214.751
169.396
205.764
182.126
197.876
181.993
167.473
169.954
180.657
187.562
207.865
188.303
209.258
168.244
181.352
178.596
197.497
192.894
160.352
186.94
188.142
185.87
186.644
160.565
188.741
195.19
172.485
178.192
184.063
194.304
172.049
181.688
178.992
167.749
187.639
178.092
203.766
184.016
211.702
188.442
163.947
185.214
175.753
165.91
167.113
162.11
171.545
190.638
169.535
158.44
185.277
174.863
182.7
159.494
186.887
188.013
190.489
183.843
172.498
187.142
159.747
172.304
148.687
182.293
179.502
187.223
185.668
185.897
189.612
183.966
164.194
207.553
180.068
167.436
166.14
161.854
221.231
168.888
178.809
183.879
175.533
187.23
184.571
170.256
168.515
184.324
184.413
185.264
177.865
168.361
151.2
158.258
165.337
185.311
182.966
201.182
195.016
170.834
178.183
173.481
187.641
174.135
202.827
186.202
185.939
177.561
200.029
158.429
186.703
194.979
146.739
168.562
158.142
172.155
177.11
180.263
201.102
172.855
179.985
178.048
172.394
205.471
181.47
192.581
169.367
193.831
180.205
163.355
179.299
184.231
166.593
176.524
191.291
158.53
175.633
174.701
188.016
188.915
184.56
178.285
177.809
181.303
189.754
174.64
169.425
189.0
169.319
165.129
189.148
181.126
163.713
173.833
174.181
196.7
185.115
168.961
191.181
186.17
186.147
186.227
177.508
180.022
194.899
175.046
182.935
177.239
180.215
164.51
191.0
167.227
171.526
181.605
197.943
190.609
175.907
181.526
172.111
159.58
184.143
163.255
191.952
194.404
178.539
163.088
184.882
180.23
168.07
157.988
169.673
184.074
180.481
182.592
175.712
171.444
184.186
173.757
167.464
174.878
172.473
179.338
181.017
182.432
185.684
176.605
181.231
170.032
173.824
177.136
197.181
168.151
193.749
186.138
176.046
188.599
184.311
182.314
187.182
186.03
196.308
167.4
149.745
192.646
188.25
177.658
172.088
188.21
163.449
180.613
190.478
163.657
183.839
169.01
201.645
164.802
189.595
165.452
185.372
203.861
171.065
161.959
198.384
170.357
171.278
185.385
182.929
166.755
201.037
166.817
189.855
174.316
159.733
174.085
191.127
195.073
168.182
181.103
169.298
193.374
183.545
180.728
182.246
164.807
170.851
162.234
175.417
173.386
180.404
179.977
190.236
182.627
166.187
179.759
190.965
168.905
163.458
161.506
185.99
195.973
165.253
184.45
168.94
171.544
191.126
189.748
198.127
178.863
187.947
180.835
181.493
183.975
186.481
175.029
178.042
183.167
161.735
172.265
199.49
181.798
188.377
186.464
194.126
168.224
164.426
163.543
176.986
188.079
188.159
155.962
176.209
186.743
167.586
202.625
164.197
160.633
177.887
182.849
186.875
174.921
186.509
173.515
163.861
183.684
188.773
162.999
195.761
174.941
209.28
173.5
173.655
175.525
185.168
174.823
171.125
160.016
166.594
185.312
203.649
188.048
170.766
198.864
185.613
152.621
153.415
188.028
191.914
185.942
184.169
161.571
178.636
204.494
180.145
176.237
186.553
182.85
196.785
185.522
173.169
179.708
176.851
170.736
175.339
161.625
159.427
191.776
210.457
192.703
196.457
177.269
170.533
188.143
175.623
171.898
190.303
171.965
176.299
191.733
180.027
185.857
177.243
182.684
187.007
184.467
169.067
182.25
186.362
177.393
161.878
190.741
159.426
201.74
173.794
176.495
173.461
164.256
175.043
175.892
188.188
206.049
193.165
174.943
172.717
172.326
214.827
182.438
171.0
171.824
199.863
154.777
186.994
184.186
164.05
176.643
162.574
183.405
172.821
192.907
200.126
180.366
176.916
160.291
186.848
197.08
180.108
151.315
183.613
180.818
156.914
163.239
213.812
180.173
178.599
141.96
183.229
172.389
196.845
192.804
154.049
181.469
181.518
186.33
192.014
187.728
173.951
188.175
171.216
185.261
186.251
198.65
199.043
194.857
177.158
151.389
191.727
180.279
179.842
182.648
202.934
163.273
184.978
175.653
184.435
193.479
161.224
192.188
190.362
181.56
161.719
189.01
154.92
193.557
168.493
185.678
188.196
199.739
180.29
146.904
159.386
151.792
165.631
189.244
170.819
182.909
160.763
183.648
168.214
174.861
176.548
174.018
163.704
169.751
170.113
197.49
162.744
203.813
182.493
156.561
167.952
190.245
161.093
176.116
183.636
183.726
175.426
181.863
186.09
148.913
174.506
184.039
190.975
178.267
168.387
200.402
187.355
169.83
156.455
179.656
175.612
173.303
171.093
175.535
156.493
168.42
181.658
177.775
168.3
192.504
175.981
175.045
158.074
151.011
204.941
170.647
173.383
175.065
178.445
194.646
158.857
173.697
178.564
169.244
183.727
183.973
169.405
181.154
158.4
216.462
180.563
157.984
183.018
190.345
177.989
192.005
170.323
177.532
180.161
160.105
193.597
192.969
161.808
173.809
175.478
165.587
179.564
167.432
178.872
193.331
204.272
178.854
188.823
166.648
162.508
192.833
205.783
171.93
181.918
166.83
166.703
175.308
191.594
176.554
183.025
174.096
196.486
176.34
169.546
172.212
200.866
180.855
184.749
174.083
190.899
162.008
170.395
175.351
166.145
192.775
171.596
164.668
176.326
191.406
169.819
185.737
160.324
194.237
156.819
180.295
196.356
189.878
171.96
167.485
192.25
177.208
152.005
175.054
189.84
161.721
180.335
164.599
164.471
165.102
179.807
185.438
180.982
167.734
164.621
210.985
173.504
165.533
162.507
156.419
193.985
192.175
183.592
166.663
164.115
166.35
173.649
170.248
186.152
181.969
182.261
184.202
188.412
172.861
192.256
170.393
196.685
150.329
171.099
184.834
197.192
188.348
194.752
181.885
171.635
178.785
164.809
187.159
163.968
186.426
192.705
195.72
178.673
174.613
178.312
173.925
165.122
186.841
196.645
175.166
210.985
178.331
185.475
173.076
168.512
186.523
169.209
191.035
177.255
186.594
186.888
190.495
181.333
218.358
207.848
202.276
183.654
197.506
165.658
173.219
171.542
200.542
176.61
181.401
163.783
172.794
180.96
164.655
199.912
171.0
174.685
164.579
193.819
160.753
199.2
179.708
169.435
164.883
191.695
208.353
179.608
183.291
181.755
175.072
169.73
165.15
162.913
183.029
184.037
147.932
184.477
181.663
177.056
186.86
179.086
185.608
163.749
186.111
190.997
184.17
191.665
201.167
194.085
155.131
183.412
180.502
173.603
175.596
185.301
188.054
187.053
176.348
169.065
165.28
193.893
168.103
161.392
206.305
176.178
170.0
172.412
185.985
171.829
172.698
183.202
161.802
186.021
180.329
195.935
195.159
179.361
173.956
184.424
173.226
195.902
192.309
155.98
174.712
193.516
167.741
206.566
167.398
187.102
180.197
189.928
172.189
198.114
162.58
188.056
158.817
184.457
174.714
180.014
172.826
179.701
198.08
178.766
183.936
185.503
162.358
164.612
171.438
188.335
207.279
196.39
173.605
186.188
191.085
195.879
171.869
192.001
169.894
175.346
163.391
164.823
199.42
169.5
166.482
204.94
175.974
182.921
183.049
154.144
189.816
186.183
188.155
169.523
150.789
185.37
164.593
205.839
175.207
183.363
169.949
180.379
176.562
209.166
183.189
181.851
198.661
161.593
192.252
178.864
186.65
195.392
174.815
213.942
182.88
182.105
176.51
165.947
180.373
187.755
185.737
178.077
180.634
169.011
175.352
154.017
162.273
182.009
172.345
171.917
170.127
181.574
199.347
157.487
168.309
185.628
176.92
173.983
186.095
164.75
169.424
187.972
155.738
197.307
178.409
173.237
173.911
177.662
174.908
151.599
172.199
185.77
178.929
182.962
157.631
168.052
196.712
189.454
181.921
172.059
178.211
184.236
197.634
170.339
186.772
167.76
172.308
207.308
207.03
179.427
181.649
175.559
178.609
184.21
193.888
186.022
163.8
187.23
200.08
204.978
176.172
168.778
193.09
179.592
189.635
187.583
160.469
198.007
170.803
208.157
187.407
156.124
181.397
211.947
170.635
188.163
150.84
203.361
193.113
168.656
185.047
196.762
182.268
160.751
170.275
191.074
193.24
172.32
179.903
194.886
177.588
170.287
169.976
171.748
187.177
207.37
177.323
177.318
174.565
189.613
161.565
180.525
182.749
190.43
180.937
177.913
189.406
197.718
181.415
172.277
182.113
184.832
174.539
189.794
177.513
187.718
175.426
190.191
165.281
178.087
175.27
175.594
198.494
162.457
166.496
186.167
171.021
210.864
174.16
179.59
180.004
183.074
185.934
164.579
161.872
179.144
192.655
170.072
204.282
165.538
191.497
187.407
175.93
178.422
190.477
180.253
166.929
198.251
196.425
194.223
176.699
175.918
189.495
195.114
178.331
169.711
174.641
181.039
182.569
201.971
168.251
189.817
175.583
171.174
181.325
174.446
159.846
202.707
169.745
179.159
175.844
185.591
180.072
189.4
193.81
178.07
190.161
183.054
166.398
177.155
168.953
181.946
147.707
190.365
163.028
169.181
184.581
167.992
189.858
180.343
173.43
191.482
186.481
167.912
185.139
169.161
180.894
159.013
194.199
180.628
180.345
184.513
182.1
200.078
156.063
174.536
181.64
159.365
171.222
199.725
188.893
175.841
170.305
165.323
177.993
179.407
191.811
189.375
179.37
173.399
194.926
171.525
168.464
187.658
173.881
193.17
174.535
194.999
174.69
174.614
179.079
165.923
169.094
173.638
197.43
164.865
168.237
181.21
198.0
188.153
183.578
172.601
190.532
183.971
196.994
181.253
169.671
168.5
199.988
176.958
179.259
180.068
185.414
167.295
180.376
178.195
192.413
173.007
177.08
168.412
182.066
185.035
183.333
190.11
150.193
168.71
179.349
174.251
166.937
177.523
186.873
158.645
193.63
179.592
192.4
191.451
183.034
179.081
189.671
202.143
181.813
193.219
192.805
182.155
188.943
185.889
179.954
191.9
186.075
181.772
182.967
190.6
180.395
197.702
175.821
166.234
176.194
197.885
198.342
170.054
167.193
176.977
192.979
169.908
189.781
190.439
161.934
169.548
178.729
177.172
158.949
185.501
181.408
184.376
183.878
203.702
169.045
200.683
168.854
158.351
178.005
187.605
178.881
189.014
199.659
188.882
169.24
157.743
192.667
199.427
171.58
200.791
174.658
174.457
204.689
184.12
189.041
187.617
185.951
164.35
175.495
182.619
173.208
185.355
188.944
160.25
185.236
185.494
176.43
184.785
173.126
174.243
203.391
198.645
191.052
183.002
184.995
172.618
170.694
205.97
184.423
199.406
180.57
215.586
166.792
183.33
172.053
161.259
182.174
176.022
200.193
203.19
166.677
173.933
164.609
190.438
180.931
200.258
178.794
175.631
184.852
187.212
168.901
179.187
172.351
176.72
180.148
183.009
165.801
192.567
177.485
188.125
175.392
159.955
173.316
171.094
175.702
184.679
175.271
175.659
173.444
187.846
184.445
199.425
191.06
173.37
183.293
182.483
177.519
195.418
172.575
177.877
201.146
172.178
180.817
168.11
187.659
178.072
185.236
173.386
157.447
153.495
153.493
194.924
170.529
169.26
191.928
179.663
174.823
166.803
202.657
158.554
180.538
171.303
175.738
190.606
177.717
191.32
169.715
193.12
187.638
176.829
177.556
171.78
194.426
157.321
164.755
189.458
193.79
171.885
171.588
175.481
193.815
173.387
170.86
183.453
188.093
197.235
183.024
187.171
203.267
159.16
180.379
164.244
199.511
175.729
198.355
163.581
177.303
182.759
163.59
184.076
184.303
179.192
162.517
176.982
177.105
200.636
180.231
181.934
171.196
181.675
176.326
196.663
170.082
181.077
170.159
175.271
157.939
202.502
187.55
193.578
179.233
200.734
169.164
180.43
150.028
199.884
173.632
174.976
194.089
185.013
169.829
175.715
181.431
196.202
177.081
189.515
184.165
177.436
183.062
173.459
162.693
175.941
170.065
209.281
167.557
183.968
183.609
197.002
189.576
178.729
173.109
181.077
150.814
196.836
198.584
174.331
178.308
183.452
183.479
182.781
183.395
175.035
178.324
167.701
182.884
161.245
165.013
184.493
188.352
199.693
173.56
159.676
178.89
172.293
183.438
188.45
195.843
203.455
184.826
191.869
172.879
180.323
192.612
193.146
179.941
172.657
177.33
171.793
180.735
177.846
148.874
167.652
168.528
193.948
185.787
184.501
185.124
168.232
192.964
188.733
180.174
179.799
167.095
187.301
200.923
180.999
193.189
166.681
178.785
160.821
178.609
146.248
167.414
185.161
175.518
164.39
180.493
184.528
175.451
183.583
163.855
164.328
185.527
170.838
180.186
199.779
181.116
199.261
149.185
160.958
189.237
182.654
178.765
175.838
186.089
166.927
180.174
181.751
197.175
165.854
210.919
163.117
190.909
165.293
191.246
184.043
198.885
192.878
182.947
197.345
158.09
185.472
166.39
165.737
168.287
186.513
191.542
165.066
171.643
171.132
174.491
180.392
156.405
197.49
177.089
156.358
184.405
180.64
171.522
198.337
156.294
189.655
185.893
195.542
175.775
190.871
176.717
173.198
155.9
150.158
177.272
178.265
188.304
195.657
178.189
171.225
179.73
180.611
170.919
171.008
175.327
186.357
173.264
185.955
175.133
160.956
176.134
180.524
186.298
162.142
166.907
200.603
177.325
182.929
188.243
205.314
180.623
195.645
168.796
191.142
182.7
181.543
164.288
185.6
179.384
190.081
180.532
170.101
147.334
187.671
185.056
188.033
202.105
188.527
176.573
180.848
168.519
202.929
170.963
200.095
189.044
169.966
187.682
177.593
186.241
182.229
166.383
171.89
168.269
183.251
192.151
170.222
167.113
170.003
161.74
176.786
190.716
184.299
164.661
191.905
164.861
169.255
177.343
170.131
196.604
174.123
217.579
177.161
177.684
187.463
181.783
177.828
181.021
172.997
177.437
163.308
184.094
204.195
180.817
180.479
168.186
180.372
179.834
186.818
178.741
188.106
164.212
163.291
168.52
167.466
166.899
166.384
177.677
185.395
199.944
188.179
175.048
201.185
195.477
185.9
170.521
166.392
184.367
169.116
185.071
186.254
169.261
180.142
187.11
191.989
177.143
194.53
162.846
183.71
197.36
172.953
175.839
178.196
179.469
177.303
203.18
148.633
209.175
169.981
166.204
176.031
200.981
191.456
191.944
182.884
194.516
189.695
173.917
197.743
174.191
199.583
201.691
184.161
206.773
178.805
180.899
181.363
170.403
179.689
184.018
164.056
166.375
165.8
172.163
178.925
177.591
181.135
180.956
177.909
208.206
155.059
188.536
183.95
171.273
163.826
173.769
175.503
167.219
191.042
187.457
200.878
147.841
172.486
176.958
165.598
182.703
179.051
177.292
177.896
165.264
174.898
183.528
193.905
208.197
166.585
170.186
164.947
179.052
190.658
163.518
169.703
166.375
177.118
168.091
169.771
196.501
196.55
186.038
189.236
176.083
180.897
188.13
173.697
193.135
208.039
192.523
155.833
182.075
201.984
203.485
191.391
207.172
188.717
189.506
189.421
185.771
190.887
165.165
162.91
167.833
170.996
168.607
180.007
172.219
193.317
161.762
164.072
180.532
177.819
190.048
196.981
160.522
186.619
173.402
186.672
195.058
191.881
186.76
167.829
187.478
185.688
178.895
168.613
181.126
155.836
157.249
182.586
155.57
178.08
182.29
183.442
177.674
198.0
158.056
191.242
170.002
180.83
161.008
175.655
187.71
178.214
190.798
176.064
162.303
197.58
175.707
193.243
181.365
206.508
180.316
186.534
198.172
180.339
180.477
154.078
160.508
176.767
174.918
171.764
175.76
160.956
180.932
191.516
185.003
186.57
151.617
174.055
171.998
199.95
181.319
156.034
168.897
183.832
196.321
169.272
177.453
187.91
174.174
187.779
180.077
165.594
171.51
178.939
176.014
190.423
165.478
183.881
172.895
178.083
170.293
155.957
176.86
167.903
146.639
175.127
152.976
179.189
160.884
173.531
156.895
163.655
153.358
196.77
168.731
190.256
215.044
186.144
160.917
164.6
179.014
185.255
195.811
181.463
214.015
168.556
163.557
175.978
158.881
182.071
171.263
194.893
162.156
187.28
166.576
169.719
181.235
193.131
179.124
213.72
171.383
164.739
175.185
162.884
179.216
165.983
194.566
173.064
166.7
163.826
185.82
179.723
162.961
197.132
174.793
179.025
181.573
205.291
188.43
179.999
179.745
173.21
175.257
174.88
190.644
180.879
177.594
199.903
184.305
177.154
178.807
184.755
193.675
173.544
185.4
176.775
186.252
175.45
179.072
171.909
175.542
173.516
182.606
173.717
193.777
156.936
171.85
173.207
179.718
187.168
163.317
169.411
185.29
188.317
168.567
188.587
135.941
175.866
201.932
170.466
180.86
207.567
170.831
194.066
178.875
186.195
156.881
177.382
183.097
180.265
194.556
208.318
198.25
147.48
187.155
160.342
168.683
178.994
172.032
186.353
182.749
185.428
191.754
201.216
194.153
173.293
165.075
172.19
178.572
180.366
184.469
184.751
184.492
201.088
182.597
173.75
178.771
190.894
176.971
194.582
173.827
164.388
160.059
192.467
178.238
194.454
183.122
193.633
189.222
189.273
191.887
168.71
185.227
180.164
161.107
189.745
175.826
184.532
175.442
189.446
176.833
174.657
173.518
150.369
171.109
158.852
168.066
189.834
181.214
166.84
174.005
176.545
184.965
180.817
182.258
186.887
178.479
202.613
179.554
180.662
195.329
165.323
189.562
167.022
190.327
190.019
180.041
170.633
171.104
178.322
177.545
194.714
162.365
173.533
172.161
194.84
176.286
176.124
175.782
173.351
187.649
184.555
172.034
181.875
170.957
199.095
175.944
198.709
170.693
191.271
179.051
175.242
173.718
187.219
182.405
197.45
180.926
187.285
169.809
178.924
187.281
172.613
183.113
147.892
195.657
172.163
186.928
188.203
162.351
171.868
163.97
170.381
198.458
181.545
187.872
172.836
180.985
195.129
189.372
170.89
187.448
181.185
177.206
173.263
165.157
177.839
174.927
193.251
187.666
170.626
194.792
178.791
186.59
195.935
167.153
192.866
175.267
180.241
196.453
173.579
196.481
169.086
182.498
177.71
155.766
197.909
189.93
180.128
193.697
170.109
166.502
152.961
175.382
193.972
196.293
175.801
178.177
203.08
177.528
167.968
186.548
198.34
176.47
188.053
179.845
187.022
191.453
184.096
197.599
175.809
176.199
202.509
151.604
181.603
171.118
182.184
173.508
172.459
213.008
183.719
168.028
152.086
181.218
190.306
179.732
179.587
170.708
174.274
174.309
195.335
188.859
166.15
159.113
183.268
183.313
183.136
168.084
188.973
189.759
174.647
178.79
214.503
187.988
190.491
189.521
203.58
197.768
166.956
170.346
183.176
177.675
179.074
172.108
186.418
178.202
153.957
181.457
190.777
176.667
169.296
155.334
172.968
181.317
186.348
197.752
162.542
173.067
196.297
178.751
178.912
192.325
166.897
193.199
162.511
178.788
201.509
175.167
180.721
179.683
184.456
178.964
181.128
187.819
183.428
168.661
195.084
180.124
178.046
174.356
181.707
169.889
184.828
154.898
176.212
200.758
193.381
177.888
198.55
201.251
205.999
162.211
197.725
166.369
160.428
182.11
181.558
190.253
163.644
188.146
196.316
165.134
179.236
175.166
172.161
186.004
162.319
194.121
190.779
167.196
190.576
181.186
165.375
193.76
178.642
181.464
167.162
186.235
188.878
173.892
182.314
175.085
181.753
169.998
175.041
189.99
158.033
177.498
171.61
184.265
183.257
191.511
158.311
176.312
180.631
186.348
188.033
173.036
187.364
191.694
183.368
177.074
181.397
177.417
181.166
169.015
177.208
185.104
174.727
171.925
177.997
180.288
198.916
180.035
186.396
172.476
168.968
178.152
192.135
191.467
181.875
184.418
165.759
181.518
168.197
176.421
196.453
176.591
171.218
177.614
201.073
206.979
195.719
165.16
158.187
169.2
178.577
175.014
163.707
174.581
196.015
197.598
183.685
169.427
183.686
176.196
189.333
183.058
167.277
186.245
164.64
179.067
173.414
194.302
187.183
193.646
175.834
200.526
173.828
185.344
180.346
179.902
185.63
201.1
189.028
165.787
166.105
183.487
177.815
193.136
172.747
168.742
179.044
172.916
174.314
194.293
190.803
162.06
152.908
177.315
184.729
175.262
162.481
194.561
185.375
169.61
172.62
188.974
152.041
172.319
192.637
165.605
144.859
196.835
187.931
164.318
187.615
172.131
201.924
185.076
167.199
175.901
190.831
182.641
194.987
176.681
169.924
154.948
188.679
165.04
150.966
187.156
181.281
175.214
190.636
186.591
167.059
161.94
170.634
183.388
180.966
163.002
150.557
187.006
181.793
174.388
180.57
189.643
185.382
191.431
176.687
186.731
146.532
186.881
170.783
172.522
179.057
199.797
156.414
146.364
162.792
175.875
180.62
181.007
191.878
177.623
178.525
202.372
193.288
202.368
194.988
157.024
176.097
180.721
181.715
191.739
164.385
188.676
158.013
169.29
197.16
172.467
176.204
188.716
178.033
186.262
185.567
175.862
190.343
157.64
173.814
187.788
172.461
173.932
179.68
193.656
176.227
161.111
180.438
174.516
210.024
160.976
161.703
175.705
179.422
184.001
181.378
185.694
172.522
199.343
179.486
163.591
185.031
189.195
176.926
184.3
163.251
185.666
193.581
180.013
164.323
180.961
168.802
173.183
190.752
148.898
176.896
199.196
167.889
155.045
186.946
168.287
181.048
174.564
185.253
182.481
165.79
176.342
196.896
195.592
184.761
163.899
188.477
180.24
178.572
178.993
185.176
172.571
193.981
160.204
165.194
169.491
179.098
179.852
190.461
160.15
175.984
189.459
164.797
178.518
150.117
166.06
178.297
164.535
181.88
179.845
183.247
177.996
177.367
167.95
175.202
178.903
184.036
216.815
186.5
171.944
172.538
171.136
168.827
172.732
181.315
192.059
174.444
183.354
183.141
186.142
166.108
182.889
176.716
188.928
169.894
192.347
183.091
161.858
151.877
182.78
178.599
161.876
162.399
197.392
198.697
175.85
187.144
181.424
191.248
188.909
196.947
176.258
186.486
176.799
171.273
175.476
186.673
174.71
177.437
195.755
172.223
161.488
195.001
192.242
172.772
181.968
175.918
184.611
173.391
174.129
191.151
187.017
173.271
195.14
170.901
177.939
155.224
188.716
190.775
173.547
175.469
179.114
182.744
172.97
183.126
194.385
193.986
178.974
172.939
198.967
154.194
192.555
183.053
191.598
205.608
189.846
176.866
163.787
167.912
194.776
172.882
173.954
168.402
181.292
192.972
199.652
181.207
158.475
174.674
173.853
172.652
162.011
181.373
180.098
189.661
178.113
184.157
186.187
196.6
175.452
182.745
166.914
174.582
181.377
163.395
174.27
170.314
151.263
180.415
161.893
179.301
180.736
206.862
192.81
165.238
184.233
175.405
196.2
181.225
179.373
175.385
188.283
174.972
186.318
170.801
177.188
166.674
184.818
184.598
168.81
164.222
191.367
178.224
174.048
164.116
198.692
166.572
179.943
182.352
161.406
166.542
173.835
185.014
152.546
179.827
175.187
161.759
173.473
165.434
170.81
186.232
180.932
197.312
171.88
163.221
175.108
197.475
165.589
173.708
130.788
200.615
173.0
169.409
188.868
174.03
192.229
169.754
183.273
202.659
171.1
154.289
172.471
183.196
183.586
178.064
175.333
205.113
203.518
176.951
193.827
170.362
174.078
166.097
193.134
190.835
169.288
198.333
157.878
184.627
174.186
184.581
174.575
178.099
181.466
176.812
187.504
198.389
194.865
177.702
183.977
157.924
183.957
165.094
194.926
183.641
180.793
165.528
187.081
171.545
164.174
177.006
188.434
179.63
179.333
181.375
172.664
202.734
185.117
174.3
178.144
169.966
199.408
167.331
155.745
195.07
196.642
196.214
169.337
170.109
173.545
172.315
179.854
188.149
190.599
176.392
182.656
195.957
165.935
178.558
193.604
192.946
193.25
162.482
183.565
172.743
162.529
182.121
202.32
174.862
183.198
176.022
186.491
193.172
166.729
173.69
206.816
189.468
167.672
200.439
203.552
164.517
191.841
209.664
176.673
182.847
207.136
173.61
213.256
171.537
190.888
200.148
176.402
191.496
181.156
172.213
184.878
197.111
161.906
155.973
199.19
195.885
173.446
191.858
173.612
184.456
208.587
200.636
179.485
186.082
189.804
182.767
177.644
199.928
167.898
162.799
171.87
172.805
185.737
176.637
181.08
194.427
154.342
204.789
187.461
171.878
174.609
178.775
194.562
158.346
174.902
197.39
177.893
163.803
155.174
179.934
185.95
180.263
179.197
181.818
172.76
184.001
200.735
167.771
186.58
165.968
185.645
173.876
164.213
183.397
194.8
165.044
171.184
187.747
185.008
183.787
186.493
146.486
184.973
204.499
158.851
172.047
184.155
195.448
185.89
197.737
169.472
178.386
158.286
170.109
176.587
170.413
194.962
168.573
174.115
174.773
178.736
172.066
170.94
202.332
194.015
171.616
168.849
166.776
154.951
164.924
162.966
174.699
175.987
161.449
166.507
193.512
179.77
200.699
179.892
179.986
177.189
174.687
173.501
159.233
178.834
190.847
171.061
187.831
168.228
197.116
178.857
174.727
177.867
179.885
171.442
183.732
180.649
203.375
168.504
178.692
184.549
180.185
156.58
176.074
175.095
187.493
158.332
178.576
174.121
172.832
175.716
158.066
166.077
181.522
172.761
179.321
195.956
182.894
172.912
190.248
181.86
167.996
167.604
183.867
188.731
177.68
189.14
196.583
181.881
200.187
170.441
184.9
164.431
178.287
171.68
191.225
178.453
182.496
161.803
170.281
181.167
193.568
194.538
182.157
167.973
193.286
186.613
151.221
188.604
158.775
181.01
194.093
193.463
205.852
194.211
180.187
183.479
192.562
179.395
180.574
184.619
159.329
176.713
150.444
154.593
167.64
186.375
175.731
177.865
202.649
206.058
188.608
174.524
176.461
161.875
181.294
185.109
180.441
176.888
180.01
170.28
161.588
189.818
176.285
149.057
202.887
205.504
164.71
196.631
158.138
170.471
194.011
179.238
185.555
183.346
183.199
202.087
176.538
190.85
187.718
180.21
180.015
182.33
176.829
166.676
190.2
178.863
176.913
179.896
151.362
183.662
199.468
192.587
187.881
161.353
173.237
186.002
169.957
193.37
179.164
175.963
155.379
168.209
177.053
172.963
179.468
164.786
193.145
197.204
185.221
171.845
174.633
164.115
166.738
182.724
199.557
179.263
180.701
193.802
167.246
172.989
185.712
187.157
174.338
166.959
156.296
175.311
186.084
177.806
172.497
168.125
185.277
177.237
196.458
178.216
169.78
184.354
190.668
151.787
155.126
180.205
168.466
165.872
188.89
204.848
176.11
170.093
170.076
161.027
190.507
176.138
173.776
158.734
157.066
174.038
179.188
176.267
193.649
177.07
160.792
177.054
204.877
226.312
158.714
187.821
163.936
182.776
160.23
167.924
187.388
176.069
164.29
188.307
157.234
183.471
204.393
176.239
187.047
198.935
189.012
184.915
193.67
186.332
177.111
173.099
168.141
199.732
190.901
188.485
178.786
180.909
191.705
173.535
192.917
185.847
187.138
186.501
181.715
182.654
169.488
159.832
186.953
180.539
175.346
174.766
159.252
184.976
170.609
194.802
168.548
181.227
178.371
202.581
146.357
177.282
182.474
166.631
168.653
192.902
199.708
179.421
160.659
163.581
159.867
185.23
198.421
168.551
180.754
184.079
177.118
177.826
172.477
170.033
187.808
184.058
168.938
185.138
178.677
185.69
186.556
184.267
177.216
192.887
177.491
180.962
187.165
192.813
175.141
173.454
175.009
190.409
182.599
167.784
178.199
173.331
148.334
172.682
178.021
190.11
181.74
190.419
182.211
153.135
187.357
170.126
191.109
187.006
181.765
181.546
186.666
157.511
180.174
200.346
183.673
181.392
180.058
191.19
176.817
167.99
188.881
185.356
157.353
175.659
176.818
198.707
192.268
167.867
180.456
172.735
189.176
190.931
167.108
170.989
185.297
160.47
161.706
179.88
170.567
179.204
193.745
188.244
158.543
183.976
185.199
178.101
179.963
159.474
155.974
198.788
187.8
162.458
193.772
192.927
186.164
177.481
171.688
189.659
155.183
164.638
180.693
185.236
187.243
177.349
181.216
180.725
169.247
155.138
175.714
191.291
191.818
193.677
154.538
169.079
193.696
177.757
169.668
169.943
181.422
191.947
187.053
175.066
186.536
181.626
186.455
185.434
191.737
186.637
171.428
181.585
186.865
176.199
192.817
201.143
159.997
186.883
166.482
174.95
185.909
188.482
173.824
172.062
183.078
167.919
177.512
196.863
183.921
192.818
178.214
195.549
170.422
186.438
182.708
158.153
192.8
180.389
157.858
199.636
198.15
197.789
175.346
159.37
171.131
198.218
189.543
179.549
174.068
173.092
192.016
167.414
166.372
176.28
189.223
179.038
174.247
178.632
193.549
178.32
191.708
148.778
175.17
165.435
179.71
191.966
168.041
168.734
183.72
186.676
163.706
173.236
177.551
168.789
168.656
183.204
180.584
168.781
165.933
185.659
187.998
166.586
172.834
176.834
173.818
159.359
170.036
179.368
205.583
174.979
178.187
188.937
173.818
189.173
173.804
185.11
165.093
177.24
172.885
162.172
175.267
175.581
197.047
188.458
175.674
186.3
172.699
174.417
181.922
192.964
177.69
182.052
176.948
173.834
198.385
196.381
178.36
193.654
154.97
210.126
158.549
175.231
163.612
177.501
197.931
185.215
185.676
188.006
187.938
190.973
171.212
189.763
192.261
197.164
174.638
162.638
189.415
173.456
198.035
208.449
166.255
186.507
174.353
178.676
166.341
179.648
159.917
184.689
178.237
180.171
177.192
178.707
168.646
173.067
157.71
184.28
196.403
177.169
194.329
184.779
189.497
163.445
168.255
197.342
199.115
174.008
174.252
175.405
208.705
167.599
173.993
180.908
193.636
167.668
179.055
192.335
184.517
180.643
183.91
186.098
192.544
204.757
194.523
174.249
170.601
176.042
180.323
174.846
189.092
186.703
195.873
176.164
163.483
181.254
188.048
188.685
180.796
185.595
183.857
183.432
195.659
177.968
187.137
167.327
170.596
179.043
181.065
177.203
211.508
198.886
187.828
161.647
161.661
175.995
184.301
176.965
152.246
170.233
189.721
174.496
180.276
182.053
161.554
157.181
168.56
178.999
182.755
167.866
176.995
188.984
171.928
196.591
184.112
178.513
163.944
173.129
180.96
162.095
191.507
178.927
183.326
169.637
177.446
190.574
172.119
196.059
173.981
159.492
178.937
179.463
173.621
186.259
174.811
204.074
172.502
171.032
172.093
178.096
183.203
181.327
177.647
160.768
185.665
187.578
185.135
195.001
172.742
184.129
183.406
189.151
180.469
181.376
182.728
179.179
165.448
184.79
181.662
164.167
209.908
188.671
186.58
177.504
162.965
194.935
183.147
171.885
154.923
164.856
181.914
179.551
168.436
177.461
172.927
180.694
184.846
164.941
170.251
173.669
176.315
196.152
205.101
190.822
182.354
180.616
203.332
200.085
202.156
179.118
170.019
176.096
182.765
170.788
201.785
190.808
197.357
181.188
176.543
172.375
176.664
180.73
170.948
192.954
174.34
169.035
168.361
184.444
172.892
211.709
182.412
186.173
176.057
161.834
140.27
181.681
204.773
197.813
174.036
172.308
173.674
174.834
170.886
181.773
200.23
185.991
173.316
196.647
189.212
181.685
180.977
185.683
181.004
184.84
203.952
186.067
167.348
162.825
153.574
160.147
177.319
184.187
182.116
194.471
155.12
181.161
161.154
180.233
186.876
186.693
187.807
175.252
194.035
183.358
188.549
186.22
182.692
159.0
177.686
196.072
188.771
165.006
170.2
183.477
192.486
176.163
166.819
183.807
189.814
197.72
186.309
179.231
178.319
198.6
172.811
181.206
165.447
172.81
180.909
166.575
179.075
178.137
178.879
190.653
170.156
178.187
188.059
193.009
199.403
182.598
173.776
175.148
171.544
173.039
148.149
172.724
189.175
175.474
183.38
192.067
172.516
172.469
173.704
159.64
196.783
193.323
172.071
169.564
189.403
160.313
175.779
173.557
162.54
186.43
191.822
187.709
183.75
181.312
168.799
176.388
172.611
179.638
184.976
182.443
161.28
179.567
149.928
158.606
182.029
185.577
175.99
183.234
174.751
151.699
183.504
191.222
179.553
171.358
177.529
171.66
172.919
173.269
188.978
197.769
168.985
190.44
181.031
173.242
189.184
170.495
177.098
180.313
164.44
179.531
179.053
180.972
193.723
184.651
182.035
183.904
189.908
180.646
169.426
182.757
197.69
205.025
182.587
175.701
167.745
187.684
182.34
160.233
179.335
189.121
166.861
190.613
165.779
184.282
198.066
169.807
175.65
155.375
197.255
175.225
188.761
180.072
190.82
181.807
164.704
195.293
172.864
172.945
178.301
167.05
197.58
163.037
163.706
164.389
188.317
163.968
172.725
193.229
182.97
196.14
194.012
168.544
172.365
185.485
195.793
172.329
176.691
172.254
187.539
176.018
185.365
167.225
202.55
200.594
181.55
194.817
190.003
192.593
167.617
188.689
171.372
165.716
165.251
161.347
181.873
179.83
167.773
191.133
208.713
152.979
169.343
195.646
193.029
197.094
173.506
174.851
164.331
176.209
170.751
180.915
181.916
189.367
177.685
175.413
180.066
152.336
200.517
167.815
182.846
179.185
196.863
186.91
163.911
194.279
184.121
197.641
199.282
168.968
167.143
178.071
182.49
187.039
187.686
195.933
184.017
186.985
162.609
188.691
168.397
168.971
171.997
191.225
166.697
177.406
172.135
209.758
162.072
198.138
178.961
169.925
197.283
193.95
192.443
190.1
179.216
189.453
172.71
162.507
161.083
184.269
184.583
175.02
176.069
197.838
172.537
175.847
171.519
166.692
190.75
176.715
185.0
175.418
168.897
185.74
162.154
183.002
172.888
186.493
188.602
199.624
173.537
179.425
185.237
176.717
199.586
189.8
159.98
169.209
191.944
176.338
184.823
184.413
184.747
181.996
170.912
158.478
161.144
169.925
181.643
192.075
174.103
179.882
170.128
156.434
165.672
169.461
184.12
196.759
156.463
194.82
194.4
167.052
171.922
170.555
171.315
179.919
181.727
178.159
161.538
189.343
173.12
185.126
191.777
181.19
169.616
184.565
183.325
182.129
199.865
166.279
198.226
187.222
164.486
170.775
202.8
199.714
190.387
187.906
190.739
174.074
178.235
176.733
194.991
191.438
188.116
184.18
195.627
188.891
178.558
186.044
170.054
183.347
172.496
171.629
176.565
169.694
153.954
184.29
178.21
152.695
152.298
174.0
182.129
204.668
172.87
189.492
161.882
188.023
194.37
187.594
190.189
173.507
171.848
161.97
169.323
185.853
164.839
158.258
172.098
159.147
173.283
172.809
169.176
183.793
179.694
165.529
184.181
190.142
184.525
170.352
204.874
179.006
182.807
187.62
191.526
175.564
168.235
179.475
168.265
185.847
176.426
189.521
199.484
161.724
176.855
161.892
176.269
160.433
176.785
188.71
179.273
183.743
192.195
159.649
196.045
159.041
202.557
142.505
175.773
172.867
173.101
182.86
167.484
179.939
196.89
201.322
182.371
186.048
162.81
194.776
174.747
172.986
167.817
171.515
189.343
149.593
172.125
185.454
172.169
177.387
166.007
146.63
166.804
183.732
198.057
162.035
181.013
183.633
183.767
187.118
167.678
207.254
182.938
186.022
187.809
178.841
180.907
189.257
163.703
159.882
172.333
194.724
177.972
186.885
164.134
163.485
198.247
174.11
204.525
179.85
165.375
166.095
184.319
178.106
158.929
197.724
167.127
172.763
195.054
184.517
187.513
175.551
207.174
186.005
165.606
184.844
175.13
165.152
184.511
198.106
180.431
152.899
190.004
204.635
158.246
179.263
195.206
184.801
164.715
181.5
177.587
197.256
168.043
199.855
180.414
171.768
182.966
162.944
176.073
181.377
205.591
183.755
188.508
165.827
192.605
161.389
186.008
177.613
193.286
162.584
160.371
155.863
200.398
178.946
172.939
179.162
186.672
177.754
174.498
195.474
164.466
161.336
181.561
209.961
178.988
161.706
184.212
155.227
172.56
181.276
195.197
210.108
168.726
168.025
191.196
173.822
165.593
176.36
163.062
171.656
184.759
189.614
178.331
163.769
181.035
190.259
171.712
188.423
174.778
180.204
205.517
191.008
172.71
198.675
195.142
171.132
141.267
178.639
183.204
200.641
186.114
183.329
176.154
191.932
201.417
173.666
192.416
192.131
179.491
157.557
146.192
200.207
182.778
188.708
147.762
150.266
156.381
184.398
177.215
199.343
185.286
188.131
183.777
200.384
194.147
173.986
181.581
199.094
180.95
179.052
165.271
166.53
176.144
158.771
186.867
158.648
174.462
198.519
188.607
196.192
174.079
186.728
164.345
205.696
170.418
164.548
173.952
203.449
173.963
167.249
194.086
169.756
180.713
172.507
183.496
179.544
179.1
168.577
175.63
184.176
171.802
152.672
195.561
172.13
174.315
176.889
181.932
185.546
168.163
164.873
204.686
183.546
167.856
188.264
167.031
173.853
187.232
180.343
177.76
169.144
204.371
187.874
188.303
203.284
157.691
175.267
163.837
176.9
181.935
188.153
157.474
177.805
167.766
161.733
186.278
162.058
209.998
183.3
168.731
183.668
165.295
190.803
185.084
190.68
168.808
183.645
184.063
182.369
211.909
177.587
179.193
169.998
181.477
173.536
171.381
179.403
165.801
201.069
197.557
165.447
176.865
209.319
192.311
206.052
174.559
193.008
169.064
162.0
171.032
172.382
181.04
183.837
180.792
192.35
174.072
169.31
180.311
163.027
190.183
163.06
191.0
168.034
182.411
181.904
165.448
174.097
203.227
171.066
166.497
172.417
172.765
157.598
183.477
186.091
172.027
144.73
198.142
166.515
184.237
161.499
180.318
182.905
177.83
184.705
169.273
176.054
185.835
161.47
182.268
184.565
170.085
181.364
183.528
178.8
183.442
203.362
173.444
193.884
177.921
190.89
154.241
170.319
161.516
186.442
169.821
184.387
170.478
192.059
167.162
195.926
172.103
176.582
179.74
201.187
168.045
178.789
186.798
166.085
196.048
195.466
185.664
174.765
197.796
171.247
175.552
187.509
178.073
204.24
178.056
170.447
217.328
197.524
180.617
182.244
180.549
167.226
186.358
201.924
179.832
205.491
159.841
201.464
176.184
164.715
210.719
174.116
182.375
179.157
176.556
200.624
183.391
176.855
179.402
194.495
179.944
166.775
171.142
167.295
175.117
163.452
191.824
172.483
164.835
194.883
174.596
183.988
165.971
204.157
157.933
188.015
177.996
178.203
197.172
171.95
182.705
182.854
197.504
152.581
155.38
189.809
191.725
171.123
195.801
180.093
172.123
180.923
169.292
186.989
176.54
176.86
188.868
155.439
187.98
172.528
154.578
190.802
180.602
173.666
172.247
163.815
171.247
193.763
173.557
199.34
199.923
187.709
200.734
188.483
189.503
182.211
177.247
159.487
173.407
179.718
183.4
164.091
183.705
164.692
176.606
163.481
185.944
171.405
178.931
166.453
169.608
158.905
173.597
185.93
190.84
179.012
178.485
176.442
179.814
191.925
157.693
197.989
170.081
171.799
169.859
187.749
172.642
165.155
172.443
170.191
191.284
193.767
191.523
159.035
190.976
194.957
183.275
170.501
165.743
165.579
172.837
160.999
171.085
161.851
192.476
172.17
183.13
164.965
164.432
169.283
191.445
183.341
161.738
182.946
191.007
173.978
178.255
190.588
171.077
187.682
185.132
161.044
192.262
168.605
172.424
165.988
166.899
174.801
188.501
178.82
209.471
171.566
168.239
174.073
177.124
152.688
156.815
204.19
181.655
185.559
169.064
148.875
165.287
185.837
193.671
163.7
178.962
169.0
201.789
189.468
180.259
177.007
187.102
176.58
173.188
171.831
200.226
167.078
194.24
181.429
178.646
161.626
187.109
187.206
185.768
172.969
164.998
174.562
203.151
166.865
168.04
164.734
165.639
169.049
175.961
171.542
169.34
189.946
171.878
188.124
172.781
177.255
174.155
172.765
177.467
176.541
172.711
179.542
157.79
171.667
176.97
171.262
173.371
168.681
186.864
166.951
182.314
192.667
176.283
215.756
170.965
199.608
140.347
170.016
169.02
167.797
152.514
205.987
164.809
164.78
169.883
178.521
172.121
173.807
177.821
168.916
197.571
183.464
168.925
182.821
176.592
157.63
156.637
176.681
179.751
167.931
167.472
172.162
188.298
185.915
166.038
188.005
189.786
203.062
175.636
186.871
173.792
195.844
163.743
196.052
203.019
181.086
181.406
184.668
188.325
201.338
184.227
166.529
152.087
166.909
169.897
197.182
183.885
196.802
178.226
173.832
166.165
176.077
194.504
183.881
199.151
181.532
169.062
171.516
196.911
180.464
188.422
187.218
175.043
174.941
190.016
170.189
178.224
178.654
181.233
182.683
178.934
193.097
159.311
179.794
194.89
187.239
168.234
181.679
167.183
184.883
187.371
161.872
178.771
187.774
168.874
190.667
171.888
187.614
191.373
194.958
182.245
191.288
201.857
190.82
157.145
198.67
171.653
186.451
177.542
167.109
179.449
162.736
180.382
182.635
161.257
182.6
189.914
179.67
193.572
187.448
169.026
174.041
179.368
173.657
181.68
184.838
170.536
164.891
151.085
179.166
182.241
166.065
194.749
195.739
163.279
151.648
172.675
181.052
166.165
200.253
150.69
192.217
148.402
191.806
176.215
182.86
173.593
170.984
170.946
209.884
180.549
181.301
181.453
178.96
183.935
183.877
171.303
190.592
185.188
161.22
191.485
168.977
176.635
157.718
188.377
170.405
179.044
183.227
160.494
181.679
206.085
203.884
193.272
175.353
181.916
176.031
158.771
192.588
168.044
194.906
160.402
163.965
166.516
158.75
178.446
192.82
186.745
166.568
171.124
164.42
178.341
190.929
185.689
193.068
167.116
185.739
179.701
165.56
190.83
188.024
178.353
158.992
180.23
197.214
167.281
190.513
187.657
189.307
170.619
165.943
194.214
172.546
195.335
175.961
164.081
168.056
224.702
164.127
199.154
179.278
183.999
166.616
173.297
164.075
160.699
166.361
164.665
199.342
192.666
153.517
202.165
195.944
187.483
180.807
180.781
175.871
176.891
156.186
169.424
158.008
181.221
161.208
184.946
183.022
171.969
181.05
176.124
188.385
168.794
179.841
196.04
186.036
195.777
186.401
178.247
181.298
162.101
198.337
170.139
190.413
167.963
190.349
193.627
205.603
190.214
169.16
172.513
193.529
180.475
190.887
182.711
189.046
195.423
161.121
182.147
184.985
187.457
187.685
172.125
170.248
185.474
176.584
152.375
160.23
197.599
187.433
200.951
180.581
168.842
174.451
181.55
177.52
183.131
172.016
167.863
184.004
196.97
172.276
161.488
168.113
192.077
163.886
167.193
194.711
191.269
178.395
179.166
188.052
189.627
175.018
196.943
206.22
191.046
184.909
186.844
197.923
162.259
177.263
182.514
181.224
171.163
159.955
180.039
190.806
194.388
153.962
172.456
190.311
185.209
196.438
172.198
181.83
198.842
177.026
170.691
174.827
165.897
185.573
175.57
173.627
204.887
180.7
171.453
193.668
200.525
175.738
179.163
184.469
198.473
177.869
175.462
186.915
195.048
170.717
177.339
168.415
181.215
190.674
173.249
162.352
163.773
160.075
164.84
222.488
187.909
177.765
167.614
172.287
178.732
176.666
173.479
183.44
160.954
164.252
177.376
171.854
150.96
193.464
163.896
176.186
161.79
176.04
195.424
170.663
181.296
158.4
197.971
175.149
174.681
166.573
185.752
190.875
173.975
176.419
163.458
170.293
199.317
194.551
177.661
177.113
191.475
146.601
172.942
190.895
177.413
182.536
182.523
197.116
201.641
179.598
190.92
179.264
176.039
195.38
187.181
176.451
148.654
184.946
197.141
192.48
183.584
160.558
180.724
179.311
168.277
187.583
192.067
176.654
194.792
161.701
195.872
166.488
186.754
199.034
167.905
171.916
153.616
186.419
170.238
174.58
185.493
157.3
164.083
187.915
174.38
182.657
170.867
175.392
186.721
182.963
189.886
159.824
194.936
189.067
167.3
167.837
171.731
172.416
205.214
183.408
184.38
192.954
173.367
170.916
183.879
174.396
165.974
180.926
184.872
179.749
169.662
173.059
187.088
193.347
171.53
171.029
155.834
178.597
181.196
179.445
163.625
156.488
180.551
182.84
170.147
198.866
176.539
178.004
180.73
183.067
169.077
180.48
207.35
170.48
189.389
175.438
181.447
162.675
186.112
192.993
180.43
170.778
189.278
179.72
183.502
171.177
172.438
185.664
191.91
204.124
180.624
162.687
186.729
154.013
169.047
161.461
192.174
192.319
174.617
183.64
164.885
194.323
173.329
199.278
179.74
167.086
193.138
179.323
192.193
181.962
168.651
180.462
173.627
190.929
199.031
173.663
172.072
170.452
185.069
175.388
188.174
178.884
212.822
155.171
187.359
199.13
194.805
194.303
174.93
185.861
191.593
161.362
182.634
164.799
177.854
190.296
166.753
176.25
175.193
192.728
168.061
213.47
192.199
186.713
178.919
190.451
163.417
167.26
193.241
184.573
178.88
170.275
190.844
195.386
173.098
173.219
176.768
179.475
143.891
183.012
155.651
184.566
173.201
190.571
180.258
186.003
181.855
171.052
185.609
176.099
184.579
213.666
191.884
199.444
170.809
176.836
182.338
190.593
175.117
165.963
204.738
187.303
183.884
175.634
190.204
182.17
182.15
175.953
175.851
173.059
168.169
182.06
170.433
168.137
171.976
181.262
180.966
183.754
170.008
135.284
170.775
162.089
181.481
182.912
182.776
172.71
177.873
198.254
168.137
169.86
183.168
192.649
193.817
175.262
184.696
163.699
170.039
175.815
165.105
185.149
173.743
171.402
149.744
165.134
181.117
156.728
170.201
173.513
180.225
160.172
164.409
149.02
165.545
185.088
180.466
185.258
193.477
149.188
175.807
211.641
190.488
180.577
199.807
185.051
189.714
201.496
197.18
183.679
188.267
174.047
186.927
175.37
210.351
177.94
179.624
180.193
171.083
168.221
178.959
165.438
177.5
190.814
185.318
178.592
195.791
208.516
177.489
173.641
170.553
188.997
189.982
191.907
178.284
193.554
190.341
189.858
165.436
177.591
187.079
195.711
193.52
188.93
191.146
177.807
186.685
175.539
177.348
193.101
204.842
179.523
174.579
164.746
165.553
175.859
187.252
176.761
164.388
170.097
180.032
188.251
193.194
175.076
178.246
191.826
187.885
191.987
173.311
190.068
182.869
183.981
187.537
176.277
177.817
175.632
184.167
210.774
177.077
190.124
160.214
173.432
185.972
152.331
197.467
178.787
171.529
170.744
191.568
178.336
195.805
165.314
174.512
191.751
166.103
174.272
160.641
189.055
182.316
180.53
164.3
173.973
173.448
187.392
190.428
161.851
175.656
190.793
198.613
171.444
184.527
167.476
176.661
197.192
196.441
162.812
161.434
169.246
189.823
180.899
172.842
173.62
185.348
173.729
187.272
187.475
189.526
174.014
193.961
183.193
143.578
200.239
175.499
165.457
172.333
189.798
189.11
164.581
186.133
176.865
204.723
177.871
162.933
188.625
173.936
187.534
165.711
153.684
169.639
196.668
191.607
168.058
184.983
170.372
172.642
166.279
169.164
169.189
185.924
169.849
165.612
174.758
160.177
188.699
182.953
185.25
185.323
194.742
190.504
182.747
178.952
169.395
186.394
180.97
194.097
189.825
200.574
172.906
194.189
173.679
189.534
171.701
192.975
157.583
181.42
171.845
175.385
180.135
169.248
189.694
178.369
172.209
184.421
174.677
190.913
179.685
173.422
197.231
185.529
170.875
177.527
197.257
166.625
197.123
170.897
184.674
207.268
188.163
178.643
174.67
198.126
189.15
205.536
186.199
169.884
153.171
165.895
185.413
168.403
170.044
177.945
155.327
161.49
182.024
162.585
167.935
168.975
188.349
173.037
183.745
196.345
188.07
175.903
183.275
179.056
174.383
173.327
167.791
154.519
182.402
184.339
182.684
177.934
185.426
170.846
195.159
174.508
206.252
173.707
182.131
178.477
190.79
191.333
160.899
166.156
197.928
150.346
200.606
195.041
180.707
187.207
174.183
180.014
207.128
186.616
198.656
148.603
176.024
184.948
166.804
163.288
192.245
182.778
173.256
199.976
191.401
168.984
173.1
186.8
184.289
171.015
189.191
185.926
172.966
173.38
168.104
170.448
190.913
173.757
164.091
176.3
150.001
189.463
171.285
173.297
194.551
199.594
168.938
173.816
200.055
163.183
190.535
145.654
197.216
175.469
177.064
192.311
193.061
184.508
184.965
149.297
183.844
185.333
160.868
184.613
155.117
159.618
188.113
192.348
184.541
174.805
179.997
191.228
170.282
155.504
167.22
188.975
198.639
176.901
170.378
194.43
169.825
161.671
185.639
180.901
176.959
188.012
161.792
155.639
180.08
193.64
182.226
173.66
175.523
173.678
174.65
176.948
191.942
166.016
178.432
194.31
187.526
179.571
163.637
201.585
187.783
183.136
174.013
189.322
182.778
192.359
180.05
162.501
182.352
179.739
166.872
183.868
192.574
199.943
176.624
188.227
193.528
184.523
199.621
196.071
180.258
187.738
215.6
177.642
185.942
186.673
187.052
171.596
167.756
175.784
160.543
192.718
186.908
191.503
171.714
168.191
191.225
181.547
187.284
165.18
178.541
183.409
168.243
186.32
181.853
189.933
182.087
201.066
181.676
173.507
189.33
192.744
186.755
168.515
183.547
197.809
173.474
178.727
177.33
174.469
175.328
196.335
157.184
182.558
182.618
173.63
176.579
173.478
183.018
180.189
183.911
190.85
174.413
185.529
196.87
172.223
170.938
176.332
194.217
186.484
196.554
163.185
178.92
173.945
201.707
166.412
172.384
167.744
186.107
168.222
181.799
194.584
189.463
177.601
196.476
180.859
169.368
173.481
193.81
168.434
162.856
167.831
194.813
197.656
191.482
183.129
175.814
173.735
178.302
199.667
180.256
179.358
169.004
175.349
156.371
182.985
183.598
184.936
193.003
193.328
177.95
181.553
181.361
189.591
164.67
155.674
189.21
173.967
190.925
169.236
187.887
179.041
188.549
195.292
160.461
179.375
184.073
174.41
184.306
175.724
149.895
183.024
175.27
174.782
177.387
178.461
156.47
182.08
201.272
170.054
163.986
184.906
168.219
185.758
168.977
175.118
189.381
168.96
195.964
174.975
163.569
182.95
169.539
174.381
185.411
195.616
170.257
177.763
169.248
208.403
197.604
154.03
179.747
186.003
181.278
157.044
161.476
168.486
155.362
183.945
174.436
183.263
166.497
181.954
186.311
197.897
163.949
171.967
179.55
189.305
171.176
192.628
188.058
161.818
190.176
198.126
182.736
184.717
186.867
197.468
184.948
195.216
174.695
176.979
192.845
178.411
153.771
198.009
183.536
163.035
176.776
165.366
169.561
167.409
173.339
190.823
175.116
187.018
172.022
166.576
177.941
164.793
193.265
182.224
161.95
162.347
188.085
193.58
195.594
179.074
184.46
189.68
162.556
168.286
176.835
164.223
170.826
171.583
189.401
174.403
177.967
186.286
178.759
196.311
199.755
201.644
173.479
167.043
174.049
170.435
186.814
165.503
178.061
176.873
172.562
170.452
172.634
161.201
185.786
170.935
183.078
174.842
174.23
170.932
177.067
182.179
172.23
173.229
178.916
183.371
213.275
189.377
184.217
183.912
165.146
181.748
201.204
168.651
202.102
160.411
186.593
186.53
188.181
183.993
173.832
162.498
165.848
168.557
181.971
168.213
171.024
181.862
175.078
154.565
196.622
178.949
159.026
214.786
164.888
174.418
202.565
161.156
202.324
199.012
172.463
180.126
179.984
182.26
164.166
170.265
184.741
176.833
142.615
170.287
181.867
194.44
186.087
169.22
207.457
187.043
170.572
174.882
181.746
167.967
168.479
180.139
185.822
166.313
175.137
193.968
184.683
180.925
185.989
180.272
208.76
175.837
187.02
172.53
176.539
168.326
185.537
188.429
177.22
181.094
170.965
195.146
179.626
185.03
181.648
181.167
179.867
187.701
183.154
191.729
181.873
194.21
181.525
157.829
184.212
190.826
176.262
174.972
190.303
196.258
164.537
172.008
174.41
195.671
179.125
198.177
189.185
170.881
171.549
162.329
214.973
188.295
197.171
173.296
172.323
185.421
172.574
166.461
181.59
173.702
191.352
174.429
189.052
173.548
179.971
169.467
185.196
179.966
183.572
181.906
191.102
179.868
200.701
172.437
172.208
191.534
164.219
177.946
187.275
183.263
202.333
152.294
196.748
180.314
197.311
168.511
180.787
182.47
168.09
187.059
182.266
182.767
171.212
170.465
165.664
199.183
181.729
204.208
177.315
173.33
150.708
180.012
184.449
181.63
193.08
189.414
207.372
167.139
197.0
184.876
169.387
195.241
161.475
156.395
183.608
192.466
175.542
177.917
165.785
171.015
184.893
186.521
168.278
188.692
180.575
184.059
180.171
181.501
180.141
195.07
213.892
193.47
189.842
192.505
168.679
188.816
189.477
177.089
169.143
183.142
171.413
174.751
167.962
183.802
138.603
170.569
191.524
180.386
178.447
171.959
202.284
199.5
185.413
201.068
168.396
198.197
179.553
176.239
167.096
153.677
178.255
191.209
176.08
165.726
187.512
171.976
194.314
189.228
185.068
198.328
192.627
156.553
194.137
182.944
179.548
158.573
180.169
159.845
180.922
177.389
196.341
204.645
171.388
195.972
187.733
172.825
186.732
162.834
173.619
183.291
189.148
194.898
159.569
191.945
189.024
176.351
194.867
172.306
176.794
188.335
168.826
189.574
178.267
171.441
189.257
183.884
165.165
173.059
184.702
165.808
170.325
188.778
193.451
178.24
156.878
158.834
169.52
181.025
153.824
170.988
183.837
184.377
179.748
162.538
190.944
164.395
190.635
181.482
192.652
203.7
184.401
180.338
169.321
190.097
168.412
196.486
205.491
171.922
184.482
198.004
192.059
173.696
194.621
159.831
188.964
185.688
185.389
173.566
171.391
151.559
192.489
179.167
175.543
170.656
199.408
164.842
175.008
189.066
181.795
171.466
177.922
192.458
173.301
177.071
201.16
179.291
178.459
163.676
191.037
185.726
207.784
213.05
176.026
175.708
179.325
162.565
192.55
191.668
169.959
169.909
159.774
179.203
191.136
172.672
164.775
208.354
159.878
174.733
182.46
180.168
151.92
182.412
188.873
186.124
178.229
176.485
175.792
153.791
146.994
177.188
197.162
165.834
206.275
189.762
180.992
199.873
172.506
177.375
164.633
168.143
176.33
193.849
179.498
169.142
198.662
190.865
179.479
189.216
174.56
158.668
198.11
192.349
198.008
171.708
163.763
160.83
174.521
161.214
177.347
170.377
167.214
198.341
186.789
143.103
176.147
187.49
184.191
188.868
209.757
176.376
182.209
181.929
181.786
188.931
177.896
163.195
200.678
168.368
171.162
196.859
204.248
183.125
159.297
152.344
181.668
196.845
179.423
186.329
187.55
206.231
167.28
179.195
180.135
181.221
209.241
170.746
188.55
171.783
186.778
170.329
183.037
178.22
172.347
196.006
185.977
159.145
188.664
189.866
182.969
184.989
183.919
191.171
201.21
171.192
194.559
170.542
203.224
185.695
170.963
174.7
195.909
183.451
194.134
187.783
166.353
169.358
185.681
182.669
163.892
175.392
189.488
191.2
167.929
175.872
183.782
182.335
188.744
189.539
193.62
184.419
178.21
171.726
174.641
188.606
154.839
179.548
181.544
210.423
180.591
185.774
174.898
196.885
164.355
171.885
169.04
179.823
184.624
169.204
170.79
179.959
170.463
171.97
194.375
180.381
181.296
175.479
157.082
205.998
202.897
167.199
185.002
208.111
177.75
168.46
197.832
178.021
195.737
175.708
192.338
160.74
183.469
164.522
188.334
176.926
204.814
198.918
179.822
175.909
154.055
179.083
192.89
164.889
181.471
196.366
198.002
186.398
169.498
160.753
179.323
191.492
158.194
158.206
173.278
200.187
188.442
172.304
190.618
168.788
181.036
149.056
171.28
168.698
182.787
192.107
186.782
166.283
169.077
186.613
173.252
174.566
161.441
182.37
185.933
205.928
179.527
170.75
168.752
179.233
197.583
166.02
173.861
182.501
188.43
193.839
184.7
192.071
182.112
172.814
148.901
190.86
170.63
188.705
191.782
179.021
182.81
187.688
177.555
173.32
189.624
157.491
186.932
178.187
191.898
188.737
179.325
176.087
178.632
187.352
178.373
185.528
152.522
194.584
178.796
171.784
183.294
180.638
190.484
186.414
181.982
156.444
190.483
165.376
176.543
181.94
180.756
181.129
177.225
174.047
200.234
178.728
190.399
176.901
164.915
181.351
185.96
182.849
185.561
176.175
210.88
183.581
178.452
184.23
189.082
194.24
177.285
177.019
175.066
192.92
178.768
177.543
177.382
163.999
205.533
207.638
202.343
171.85
200.396
176.691
194.488
169.841
188.568
190.464
182.584
156.766
161.248
174.943
209.084
193.347
188.301
188.993
193.953
198.066
184.389
162.633
179.831
169.034
175.106
168.37
161.905
176.737
152.337
164.937
176.811
175.638
183.923
173.401
169.561
168.277
178.964
166.353
173.596
181.269
187.793
177.76
180.399
168.281
201.587
182.342
178.061
177.867
174.389
175.743
197.871
174.401
191.615
193.376
171.333
152.143
173.557
167.387
160.845
172.827
186.126
170.782
166.759
161.823
181.793
180.59
162.81
194.153
203.494
183.583
168.362
171.948
186.889
183.982
183.84
178.189
165.367
175.247
187.647
186.458
182.97
203.574
176.822
150.508
194.855
188.835
162.058
192.167
173.48
152.25
182.462
155.243
183.677
171.253
169.036
176.47
186.332
150.546
169.561
157.703
181.829
181.896
186.23
166.015
188.449
187.942
184.737
160.407
159.54
175.709
175.96
158.414
177.838
151.536
197.355
180.567
156.045
180.813
175.17
172.184
218.12
176.2
171.192
178.58
167.134
198.539
186.301
163.833
177.586
196.595
178.876
173.835
159.996
189.808
166.991
190.144
155.312
180.66
186.777
184.039
199.954
182.446
182.844
180.04
182.531
144.903
185.711
198.633
176.384
175.738
175.728
181.157
171.573
178.114
186.997
161.119
181.868
174.28
185.688
197.661
186.671
183.047
176.153
171.483
152.569
175.832
181.972
177.291
169.553
162.309
185.881
185.064
181.209
198.111
187.518
197.803
204.186
192.504
169.43
162.644
166.361
180.119
191.855
167.085
165.827
181.907
185.023
194.327
185.931
175.781
180.152
196.388
179.924
172.604
185.39
189.433
202.005
187.974
190.95
187.362
184.24
168.191
201.658
189.566
171.006
198.311
186.23
168.369
202.686
183.675
154.829
173.736
193.889
176.833
176.201
155.301
164.583
192.852
164.955
175.67
178.632
166.073
167.262
157.485
162.329
187.303
202.218
176.292
168.897
190.081
173.285
184.113
189.672
195.099
189.481
183.337
170.375
194.688
197.744
171.72
170.366
159.798
166.94
163.705
189.39
174.446
178.891
172.795
181.294
157.846
190.574
160.395
176.694
178.157
169.389
181.777
162.807
179.15
188.423
185.651
181.397
171.833
171.81
198.194
165.038
192.285
177.86
166.564
176.013
187.14
198.947
177.758
186.311
169.137
183.4
177.954
179.73
188.092
197.566
200.483
172.689
183.039
179.441
189.939
171.876
191.331
181.163
175.624
178.229
192.513
179.388
190.012
177.361
158.647
182.787
176.525
179.051
197.393
182.765
176.805
194.383
168.353
203.416
186.914
186.254
163.181
193.325
171.997
188.632
169.376
188.748
171.138
177.844
176.016
189.747
169.868
199.875
161.835
159.151
181.938
148.769
175.795
203.994
175.591
155.254
178.261
192.773
191.491
180.478
149.762
214.486
161.324
197.38
197.706
164.927
162.484
184.463
177.09
172.848
173.836
183.703
153.473
163.334
161.035
155.191
173.583
171.282
169.646
176.949
175.753
165.16
157.061
187.329
188.179
185.668
179.479
168.288
169.343
174.603
173.82
180.777
166.258
180.929
193.494
174.028
191.232
181.915
183.243
169.528
177.264
185.978
185.662
164.908
169.964
170.557
176.075
168.058
184.972
160.485
159.849
171.254
181.985
176.302
174.397
171.558
190.781
184.203
173.38
158.018
179.76
188.943
164.793
171.288
206.9
148.893
177.254
161.538
185.553
168.027
164.396
178.033
193.766
178.81
169.106
201.804
186.343
170.825
170.807
171.295
161.7
176.572
182.155
159.31
176.912
189.624
172.316
160.138
180.01
173.851
173.743
198.314
188.408
167.668
179.922
182.648
189.903
173.687
181.664
169.976
190.084
181.475
159.789
196.272
193.906
178.011
187.056
179.648
201.891
201.504
152.247
161.498
203.106
189.457
183.539
173.502
169.841
175.251
203.116
147.758
174.566
165.934
174.501
162.621
174.696
181.148
177.892
184.369
193.78
169.234
163.846
175.587
221.769
183.287
165.728
174.461
171.073
179.104
161.35
202.746
161.502
175.241
191.482
197.375
184.728
208.086
190.267
201.111
171.626
172.703
195.085
208.464
175.923
187.497
183.915
181.628
185.239
183.081
186.522
189.263
187.278
178.765
167.677
160.413
194.896
153.87
196.679
161.909
199.189
181.638
168.505
181.78
184.2
159.273
183.025
198.591
184.526
169.144
182.281
187.83
166.305
197.629
152.576
170.511
190.433
198.22
183.39
172.061
170.345
166.737
190.759
175.511
173.148
200.222
170.159
185.723
147.541
189.593
187.438
186.345
182.767
188.507
174.955
178.456
175.972
176.63
162.47
171.406
185.283
172.395
165.571
141.651
177.317
170.15
172.139
164.348
187.63
194.151
187.265
156.46
166.194
171.687
179.654
189.207
192.095
187.243
168.182
183.551
159.143
187.356
179.429
180.694
157.169
168.372
172.364
186.092
175.267
179.065
175.208
175.025
169.431
183.367
179.335
189.381
174.438
189.086
172.589
185.861
177.556
166.621
176.169
180.444
194.304
167.669
191.704
185.159
185.463
195.358
172.803
176.558
173.988
167.206
180.015
173.183
173.604
168.991
192.189
172.349
193.706
164.699
172.455
182.986
187.847
207.873
186.328
169.625
183.552
161.568
184.814
178.902
170.07
190.139
167.036
151.494
200.632
181.046
170.641
196.242
184.967
198.862
165.476
188.942
168.604
162.877
185.771
195.992
173.185
174.395
196.9
204.601
225.603
178.413
177.175
183.74
187.584
189.99
175.979
178.943
167.303
158.386
173.584
187.176
185.566
153.61
169.727
168.93
192.122
169.35
178.058
190.012
185.648
180.525
181.042
173.803
169.714
197.194
158.564
187.437
181.118
169.933
179.039
182.539
178.67
192.67
155.077
163.891
186.395
182.945
204.937
180.149
207.425
192.528
198.211
179.093
181.415
167.642
164.492
189.826
184.426
192.285
189.99
174.048
201.921
195.336
201.513
185.864
202.343
184.467
176.738
190.9
175.593
185.58
156.972
187.365
199.154
192.578
177.865
153.2
184.029
179.742
168.434
192.826
197.325
183.291
193.656
188.974
180.765
190.108
173.179
164.893
180.404
185.531
184.544
188.662
186.36
174.337
204.462
190.734
182.926
195.833
184.105
177.102
177.063
149.722
193.854
188.178
175.944
160.547
181.581
204.438
181.431
187.361
180.367
173.628
176.689
174.583
167.377
178.347
177.246
191.095
164.895
166.063
189.049
169.134
179.398
180.533
193.591
179.327
200.503
191.965
181.26
185.973
192.319
204.08
168.111
171.442
169.665
195.643
174.418
165.901
181.599
182.809
176.825
184.305
186.473
176.171
186.092
165.741
167.5
179.916
181.325
184.934
195.008
170.217
188.678
176.848
192.691
208.842
194.921
175.026
187.138
189.584
161.47
200.915
171.029
187.387
180.969
161.663
173.276
184.421
182.21
175.258
176.203
191.139
175.603
183.202
186.919
176.758
191.452
168.949
186.478
177.977
197.428
173.844
189.727
185.381
178.28
171.275
186.753
173.034
195.133
183.98
177.922
180.556
180.855
172.61
170.631
173.482
167.913
193.055
180.027
172.707
185.791
197.246
175.042
183.375
177.104
224.096
196.201
178.141
175.917
173.251
170.795
174.992
183.356
164.307
182.01
171.696
182.344
156.397
177.757
198.928
174.682
196.121
190.416
202.096
175.93
171.531
167.9
158.74
157.229
179.578
174.028
177.461
161.115
192.969
189.029
184.312
191.315
208.901
197.147
200.232
175.84
160.283
181.42
153.086
196.605
174.356
170.925
172.609
180.016
179.636
169.878
191.771
172.484
184.154
177.895
184.148
189.672
179.871
163.735
203.088
165.755
175.086
182.914
160.243
184.417
159.981
189.928
200.742
162.005
176.242
180.247
157.886
189.536
183.414
178.056
150.895
175.437
197.376
182.965
166.0
191.185
197.987
170.025
173.535
184.304
169.502
179.673
187.315
193.419
160.386
171.951
170.869
180.044
186.965
196.067
194.781
172.619
167.998
178.48
213.388
186.125
193.853
163.568
166.838
171.865
166.271
169.932
188.221
184.24
169.991
171.365
189.045
183.381
172.58
182.438
164.299
183.9
178.329
160.471
198.007
187.612
183.844
181.409
193.674
179.25
177.094
159.438
199.685
164.992
182.766
171.671
188.194
187.011
160.014
163.803
215.098
187.788
150.635
179.185
203.198
178.792
186.844
172.635
180.172
161.738
184.646
175.83
162.856
167.049
190.636
171.277
165.726
179.391
168.367
171.62
176.271
199.127
179.801
194.347
188.107
184.448
182.578
186.033
187.84
165.362
176.898
159.563
168.408
203.613
179.216
178.772
178.156
183.322
193.66
178.336
176.124
177.826
208.423
180.861
152.297
171.871
190.485
194.975
171.652
187.348
169.106
164.138
171.903
188.543
176.354
180.268
187.731
175.693
190.815
203.314
173.985
202.899
191.482
187.929
204.743
197.098
202.609
176.043
179.826
165.656
167.978
187.436
182.681
157.995
158.302
174.416
186.318
197.73
183.081
176.986
171.819
198.03
203.631
160.332
180.729
181.561
168.235
186.534
162.661
180.22
173.878
162.496
188.763
179.019
158.364
194.58
179.46
173.929
161.406
190.957
149.031
176.739
202.574
207.589
175.403
187.616
180.986
155.869
148.181
175.561
201.207
185.161
180.564
182.691
190.292
178.583
184.788
170.445
179.861
174.506
199.372
163.155
183.497
186.41
173.701
166.215
197.096
186.301
195.023
206.553
152.747
181.76
189.631
194.972
170.878
179.184
181.227
182.071
167.842
174.866
166.115
203.989
193.707
193.609
191.979
169.124
188.973
201.772
183.525
188.449
170.27
211.374
184.058
179.458
189.633
204.274
188.494
176.492
192.073
194.01
168.902
149.933
206.174
172.095
194.529
180.164
177.137
168.7
201.207
169.029
179.262
195.11
185.239
178.728
180.934
162.24
154.165
187.231
187.021
176.535
178.259
178.865
176.95
176.989
183.405
162.947
188.461
182.09
184.283
185.142
183.7
174.555
174.823
172.541
185.598
188.918
179.628
181.962
180.72
184.917
176.468
187.38
190.523
176.637
184.492
164.813
185.213
206.174
179.159
188.096
177.973
184.089
165.527
184.305
176.479
190.584
178.442
192.371
181.23
180.509
173.849
167.279
165.695
194.815
148.467
159.756
168.957
160.971
175.984
180.601
189.574
153.537
186.345
195.54
196.938
197.72
171.279
171.594
170.471
137.896
177.24
168.322
181.323
149.42
177.217
169.47
168.295
188.747
163.854
198.431
170.215
166.036
182.894
182.299
174.091
188.494
175.895
197.504
177.664
164.158
175.051
185.024
171.039
191.357
178.35
198.67
177.744
188.128
206.812
191.245
179.278
194.903
168.838
190.899
173.865
177.409
187.679
180.627
183.025
155.358
186.761
187.137
190.743
190.983
168.757
160.148
174.159
176.644
186.147
170.447
169.18
173.434
194.33
196.872
168.678
168.231
154.128
172.543
161.977
174.95
210.944
168.165
159.2
189.551
181.04
194.225
183.736
175.394
209.057
171.86
179.97
186.889
184.761
174.64
170.699
192.637
171.226
177.422
180.801
213.438
181.151
190.851
193.455
192.776
158.014
174.565
199.16
176.008
164.029
167.985
192.595
175.86
171.428
186.8
196.385
175.031
174.431
171.433
183.353
189.023
175.827
181.275
190.825
180.6
184.833
185.332
182.805
210.596
175.831
161.016
171.211
177.444
182.751
199.629
178.598
161.253
182.306
181.709
193.209
177.394
151.943
202.705
192.927
184.907
188.733
195.885
178.377
180.9
196.281
182.868
169.177
181.325
189.696
191.048
184.147
196.51
181.855
185.477
192.56
177.492
198.571
180.314
163.094
174.139
196.38
183.488
172.163
193.66
182.214
187.789
172.029
169.823
182.061
192.99
171.17
186.915
199.457
176.643
201.04
165.599
182.813
148.983
170.551
170.878
162.767
161.513
171.041
193.017
195.07
171.988
169.135
188.699
175.108
190.802
160.225
174.971
171.27
170.596
173.539
169.23
189.015
193.061
179.131
174.645
173.001
191.259
144.933
163.091
178.663
173.441
172.18
179.681
180.768
167.754
175.507
178.46
205.738
173.864
187.878
163.08
176.76
204.289
174.385
177.341
170.627
190.262
175.997
180.963
174.687
176.782
211.564
188.051
178.75
188.64
174.455
181.598
208.273
169.957
184.533
199.243
178.285
141.809
161.757
175.461
183.219
198.635
183.978
170.723
184.908
178.161
200.756
194.5
199.605
184.328
179.491
176.035
176.868
206.466
181.479
179.709
184.938
165.288
184.615
159.104
171.037
173.397
179.286
156.183
184.759
177.283
183.038
167.562
204.844
167.493
196.445
147.638
160.703
161.673
172.685
168.354
194.332
184.81
190.132
188.962
166.569
185.294
185.114
189.32
187.641
173.976
183.573
184.349
188.721
176.62
179.128
179.747
157.014
185.037
177.987
173.979
184.978
151.892
162.652
181.65
181.611
167.94
186.269
178.809
193.689
187.491
174.188
163.053
186.678
159.226
172.203
198.68
172.622
177.031
180.866
203.889
199.842
191.166
171.854
177.146
193.1
176.701
185.237
178.402
183.201
197.012
165.68
191.813
170.205
190.792
172.949
178.047
177.381
186.583
165.947
164.526
178.698
204.885
182.79
176.913
195.17
193.624
156.691
174.685
156.607
197.956
169.185
186.981
181.722
182.028
184.316
197.209
163.082
167.187
179.135
202.189
192.171
193.163
178.507
194.179
200.637
181.793
185.612
183.921
176.188
170.709
190.881
189.62
190.334
185.114
160.071
192.429
174.442
176.494
152.03
182.092
151.914
159.73
189.751
163.213
187.344
177.402
187.073
189.966
191.079
164.947
191.086
182.551
183.64
181.548
194.49
176.776
189.605
162.258
190.901
189.134
171.452
174.861
189.532
198.063
183.225
169.141
161.951
193.948
154.547
179.007
187.944
171.111
186.639
161.481
179.593
173.595
191.273
162.31
186.211
163.605
196.695
164.702
175.531
174.064
190.598
199.598
181.704
176.579
206.177
171.523
171.493
169.982
175.048
170.239
149.041
204.341
180.372
192.425
172.728
202.597
169.209
155.265
184.946
176.76
202.487
184.743
187.387
158.77
149.553
205.522
185.262
186.857
187.273
179.776
169.04
169.477
182.431
192.875
189.133
173.279
190.961
180.858
181.031
182.183
182.534
174.812
176.92
156.057
195.396
187.027
171.494
185.265
183.448
177.744
175.442
192.491
177.099
185.081
151.552
187.46
170.642
181.713
161.945
188.397
181.243
186.621
180.354
168.708
167.863
188.216
194.056
189.429
175.08
185.632
155.98
170.773
161.684
187.18
179.4
173.179
180.002
182.224
172.255
168.843
150.028
183.394
173.024
189.147
176.892
198.225
189.152
200.497
176.177
185.737
183.245
184.228
177.811
174.907
175.322
186.081
198.912
176.657
166.83
188.118
200.794
189.317
177.777
180.402
211.584
180.624
166.452
204.806
188.878
168.21
197.268
170.321
169.01
161.944
167.224
192.619
171.682
187.888
156.229
190.641
187.546
156.828
209.837
180.939
196.257
170.65
203.217
179.717
172.43
175.586
182.547
174.265
180.374
171.251
181.48
170.832
179.557
180.428
207.907
180.419
165.823
185.135
164.7
173.415
158.762
195.353
184.762
210.999
181.405
172.125
162.414
189.483
194.193
185.718
200.162
191.364
162.665
173.943
188.398
170.277
172.59
181.241
191.51
178.346
181.494
174.156
189.145
152.719
176.944
184.143
196.953
180.361
182.068
168.281
194.438
180.328
179.51
185.156
173.934
187.35
195.37
184.399
200.88
186.117
163.149
177.832
172.145
174.148
176.626
206.225
168.711
180.096
185.945
205.918
186.193
169.253
193.058
176.984
184.328
169.172
159.893
197.592
180.893
181.326
173.85
173.739
161.984
183.53
170.047
188.266
162.8
174.913
182.08
156.946
183.451
191.364
194.746
182.277
170.842
201.229
174.972
190.384
184.594
176.759
186.903
173.725
193.008
176.969
191.981
209.763
183.763
172.56
169.367
174.044
172.689
168.07
175.913
196.218
172.471
180.954
183.463
192.009
171.115
189.418
179.001
188.29
173.715
139.355
177.779
166.776
179.938
167.011
183.416
200.758
194.344
202.116
208.368
187.026
176.262
178.092
148.19
189.522
140.735
177.666
186.965
167.707
173.064
164.439
191.467
199.889
178.999
191.357
174.372
181.28
179.472
163.067
188.328
186.427
158.783
157.362
173.439
199.591
192.2
165.598
170.475
202.501
167.675
181.58
170.082
147.529
164.467
165.963
172.836
195.865
175.484
179.588
190.048
160.667
175.428
174.834
197.814
195.369
187.611
177.113
165.056
164.865
180.508
177.574
179.456
177.433
169.377
190.602
175.309
170.517
162.31
169.729
189.982
172.316
171.5
186.571
185.424
181.775
148.378
180.836
171.931
206.155
185.548
188.711
190.453
156.296
165.003
165.253
183.496
198.005
153.922
170.233
187.835
166.518
161.741
158.206
170.744
161.458
151.414
184.628
189.644
175.22
206.134
185.136
174.601
176.954
189.422
167.671
200.966
183.303
187.542
185.647
176.863
209.248
184.513
159.8
189.161
168.195
209.156
152.862
175.655
181.699
170.244
196.472
162.633
160.32
184.901
159.881
198.555
169.422
198.403
170.882
174.836
181.883
165.301
179.224
163.863
166.125
171.522
169.811
194.431
208.333
175.76
173.958
190.438
167.595
164.489
155.455
187.697
175.004
176.082
196.907
191.069
201.995
176.084
185.326
184.386
182.834
164.511
192.222
195.909
195.223
168.07
180.758
189.363
166.962
180.071
167.391
181.08
193.283
182.401
184.475
172.743
200.418
159.535
176.718
176.4
186.039
171.03
189.575
182.561
167.071
167.238
153.229
197.902
182.09
186.675
176.84
209.808
163.182
176.411
178.666
168.701
191.055
166.425
179.934
192.33
164.517
166.986
193.232
166.027
190.382
165.763
176.573
171.464
178.316
195.606
164.554
163.508
181.69
174.071
191.213
184.665
181.986
177.037
183.216
190.331
173.12
177.397
209.165
191.477
176.34
188.459
192.103
166.035
176.198
170.8
162.704
193.985
201.604
180.593
194.858
180.454
164.425
203.999
193.959
188.851
173.456
164.203
177.12
180.656
182.286
174.986
159.688
159.937
195.195
187.595
197.682
174.896
175.017
171.93
208.532
196.365
156.097
172.72
159.262
160.501
189.696
165.875
174.118
177.773
169.007
187.735
183.366
174.018
175.164
195.063
191.181
201.008
179.975
163.393
210.809
186.499
176.726
179.262
199.292
170.175
194.358
182.126
202.779
174.8
180.834
165.906
183.531
169.051
186.088
181.878
203.483
171.872
159.139
180.022
177.021
157.92
180.189
182.064
166.645
198.041
184.25
189.282
176.614
176.151
156.552
171.783
183.994
175.858
176.084
185.985
194.424
191.862
176.822
193.086
190.083
180.684
188.87
172.89
171.577
190.924
189.838
206.681
164.159
199.73
185.415
186.028
185.71
192.809
208.531
170.557
192.602
184.009
186.506
171.045
153.423
172.206
166.354
175.868
170.183
175.56
185.013
163.188
168.781
191.106
201.11
180.119
191.32
182.019
201.6
193.422
198.305
172.267
176.901
170.261
184.781
160.576
198.822
171.919
185.813
200.967
182.621
195.141
171.368
180.005
166.278
181.844
190.008
166.975
183.825
192.818
202.324
177.946
170.547
163.515
184.712
158.505
170.094
163.056
165.408
196.577
176.321
200.343
174.988
182.215
184.636
204.141
178.41
210.35
198.482
178.081
190.538
148.628
173.019
184.645
199.19
172.791
172.882
168.18
163.455
178.763
182.68
157.189
186.847
203.703
192.709
195.897
177.711
170.796
178.769
185.411
156.798
193.943
156.038
181.071
181.29
175.906
185.349
152.197
182.37
180.47
185.246
197.837
168.766
175.379
154.103
173.307
180.593
192.637
197.499
184.256
176.992
155.335
175.842
179.239
186.955
187.768
187.847
182.204
179.275
159.567
177.665
171.932
181.213
170.568
188.769
195.218
166.327
195.342
156.731
182.332
188.042
163.674
181.092
183.3
182.988
186.253
203.287
166.027
183.817
179.607
181.078
173.701
171.649
168.339
175.212
163.984
194.538
182.644
206.482
166.22
188.893
162.257
181.27
164.744
158.195
164.806
176.52
177.203
182.492
171.206
166.422
214.229
189.609
174.619
173.752
178.874
183.371
204.651
158.438
187.38
176.516
173.003
167.279
