174.305
180.426
180.447
185.447
179.976
165.35
184.818
175.427
188.427
181.488
185.022
179.508
181.85
162.959
171.961
175.141
182.188
164.367
177.267
191.492
160.499
168.591
201.964
186.761
188.415
194.065
177.653
153.024
177.332
177.962
174.111
147.214
193.996
199.825
164.898
192.494
186.234
177.175
175.254
195.08
180.639
198.274
174.27
199.684
196.155
202.926
174.136
168.112
189.585
172.238
173.093
176.896
185.151
182.818
183.756
170.266
170.411
173.207
189.898
181.163
188.194
180.002
201.667
192.686
171.285
174.896
164.881
165.818
179.994
199.213
193.386
184.962
179.011
165.142
176.641
189.699
200.638
179.377
176.877
169.69
164.763
190.593
166.328
189.974
189.653
175.635
201.762
191.843
169.968
170.226
169.282
179.581
146.6
192.806
187.403
177.492
168.66
156.157
198.786
176.315
175.874
183.931
180.76
197.434
176.284
170.648
195.147
173.561
168.358
176.843
206.462
176.97
179.238
172.544
187.095
190.816
182.359
189.828
205.159
173.936
197.258
177.675
173.564
201.305
174.747
169.99
180.013
158.196
161.508
193.432
176.109
171.651
200.686
165.203
193.367
187.628
178.355
214.66
159.811
188.669
161.087
190.555
172.567
165.335
181.547
180.432
170.419
175.307
170.912
191.472
180.185
187.047
194.666
202.503
172.032
176.515
193.409
205.961
169.255
168.389
203.44
195.939
184.232
188.57
197.883
176.874
169.222
169.363
185.421
190.441
181.632
171.242
180.446
203.287
196.965
181.117
187.732
189.927
170.26
171.804
187.794
162.951
184.874
180.514
192.383
147.485
176.581
186.954
157.033
184.182
168.136
177.369
177.19
166.617
194.174
177.486
193.36
188.1
186.687
189.866
168.993
166.811
181.741
172.603
187.133
168.187
160.316
176.559
185.99
166.267
200.348
179.693
170.571
186.827
189.493
181.209
181.067
175.549
193.26
189.452
170.711
186.154
169.3
193.783
213.058
167.794
160.75
179.59
163.34
179.045
163.714
187.537
180.673
177.485
195.02
181.528
185.911
177.384
181.501
207.519
204.458
204.932
165.21
199.818
160.847
169.132
168.156
160.545
174.751
188.685
191.544
178.503
181.784
161.276
170.883
181.634
195.33
187.633
188.039
162.298
173.751
192.569
172.559
176.604
213.285
206.222
174.453
174.578
168.507
156.494
187.596
164.951
203.253
188.481
161.604
190.827
178.452
173.164
173.85
186.81
183.187
176.247
168.571
164.652
168.414
194.505
169.362
185.023
193.049
160.748
169.251
186.066
182.396
168.592
172.654
180.493
179.686
186.233
186.844
175.9
154.247
182.615
165.08
185.992
178.534
186.203
171.28
173.927
186.894
178.515
173.49
193.911
197.119
155.669
183.35
185.479
194.105
171.231
170.054
178.399
190.237
164.748
171.738
181.53
178.735
162.206
189.207
158.359
189.665
177.107
176.013
179.549
186.55
198.445
183.217
174.558
193.434
188.052
174.661
192.382
169.174
207.131
159.27
177.827
191.635
164.445
180.442
192.695
197.266
168.45
179.264
180.87
193.299
167.366
179.782
178.255
168.499
172.176
187.752
170.918
186.568
175.647
165.662
179.612
159.067
183.744
162.657
172.688
182.128
175.071
197.907
171.881
180.515
180.918
162.122
194.613
187.583
183.944
185.101
158.529
190.233
181.041
188.746
190.734
158.636
192.149
189.352
193.597
172.94
174.935
190.949
183.004
179.673
183.455
168.548
162.327
207.494
189.323
193.171
178.061
181.534
184.3
177.46
169.323
191.647
188.76
165.366
175.432
182.561
171.04
193.929
175.096
158.477
190.823
183.988
185.484
178.254
200.667
170.905
185.705
192.523
177.078
181.155
165.446
199.563
158.88
197.533
192.23
187.47
183.237
192.331
173.894
183.94
201.523
190.308
200.147
186.644
199.777
175.587
166.4
169.119
195.802
188.016
173.137
190.58
187.923
168.49
190.015
172.505
180.866
184.979
206.301
186.162
176.485
187.898
195.45
197.026
179.743
153.703
166.208
164.938
163.948
162.26
186.143
187.165
165.957
186.322
148.681
186.795
177.195
195.872
180.261
185.634
162.126
177.52
173.656
174.277
167.474
180.096
161.296
175.593
173.225
187.988
201.519
162.337
191.544
169.287
190.107
156.58
189.005
195.136
165.681
166.743
171.063
171.071
193.526
176.213
168.604
183.37
179.344
194.276
188.216
203.685
175.719
169.002
175.514
197.778
207.893
191.966
182.086
179.874
163.621
172.936
193.872
207.234
174.859
177.475
191.973
170.835
178.899
166.513
177.258
173.989
180.873
175.236
181.181
196.362
181.314
194.062
174.639
188.32
178.887
189.428
176.051
165.711
186.657
191.471
177.76
181.889
196.434
171.836
192.482
181.395
168.112
161.331
179.955
182.449
173.728
182.562
173.971
158.938
182.689
200.108
175.87
217.3
160.807
162.444
177.381
176.598
172.0
166.718
173.156
188.977
181.525
184.278
175.331
193.424
167.085
167.373
182.943
204.665
168.223
183.914
195.509
153.019
169.606
168.51
182.379
181.198
166.682
171.812
179.672
181.902
176.088
195.766
207.929
174.855
170.692
171.225
198.151
191.349
182.8
220.322
201.635
179.3
176.857
160.355
186.984
176.79
194.563
177.896
173.248
195.977
183.306
172.369
180.762
183.699
180.606
181.332
186.919
156.324
165.401
180.883
176.952
193.761
196.519
184.008
188.087
181.525
179.894
168.892
190.925
188.603
184.412
173.469
165.641
187.632
190.634
190.392
171.267
167.741
169.433
181.917
196.073
169.162
189.715
193.611
193.29
167.374
178.022
192.085
174.048
191.938
189.594
176.273
175.968
173.602
190.892
160.131
198.985
184.21
221.945
188.311
193.82
186.55
181.088
182.355
183.1
180.028
194.655
166.597
168.953
165.825
164.966
180.501
181.263
161.373
182.823
166.907
150.426
200.859
145.464
173.394
163.811
177.991
176.096
180.649
188.751
185.947
197.979
192.466
193.083
163.353
172.251
167.861
204.228
189.811
177.8
186.196
184.695
201.953
171.57
175.547
167.218
197.617
180.052
166.629
183.364
180.638
188.309
172.727
183.936
169.904
193.74
169.151
179.596
169.701
186.342
173.339
209.564
168.728
165.867
185.512
163.638
190.839
189.412
176.542
189.587
178.188
175.265
194.117
175.114
164.164
173.735
180.059
179.805
198.927
185.872
168.396
161.594
174.727
179.04
166.925
168.975
154.115
198.643
166.971
158.829
189.247
188.931
178.302
194.105
187.993
188.056
182.233
186.849
171.926
182.798
194.437
198.098
152.548
208.406
178.495
172.812
157.921
167.627
163.126
190.941
198.722
172.832
157.08
175.375
195.323
183.634
192.961
164.419
167.374
182.296
183.917
170.71
195.531
188.649
162.061
190.574
181.35
193.345
186.089
180.632
184.787
178.879
175.968
181.001
172.116
190.677
186.079
161.297
158.438
171.375
186.802
169.51
175.798
180.632
188.485
194.118
177.34
162.399
182.073
178.273
169.072
179.495
181.603
195.116
163.475
176.807
199.789
180.951
195.291
175.356
172.427
189.365
194.647
183.578
163.675
179.813
173.602
182.1
180.928
196.917
165.777
152.792
177.587
179.824
192.642
179.16
172.002
195.454
179.448
182.948
171.467
196.72
176.533
190.609
191.78
199.681
179.408
188.702
186.671
194.863
178.201
186.287
189.722
168.713
161.64
190.643
191.706
169.602
165.602
175.524
160.819
170.514
202.505
165.797
162.82
194.95
179.555
188.67
183.067
183.067
165.18
190.499
176.524
163.664
178.177
174.409
181.666
199.313
182.367
187.2
199.867
176.134
187.392
182.036
193.576
186.871
177.594
183.969
174.891
191.093
153.17
176.763
162.839
168.517
181.394
169.095
165.831
182.345
172.636
192.471
156.638
177.363
188.339
172.6
163.237
199.109
185.145
161.379
180.512
189.066
185.542
170.218
168.068
189.438
165.578
189.3
181.041
178.057
174.989
199.459
165.507
182.177
173.259
195.802
174.828
178.522
191.605
173.654
180.221
188.24
170.603
189.123
174.501
158.041
162.954
177.876
146.683
161.406
214.118
189.38
178.395
182.788
179.799
177.887
186.56
171.09
184.44
187.02
178.973
189.76
186.897
179.411
178.045
156.719
169.447
200.63
193.687
187.818
178.089
172.808
177.707
191.546
188.362
175.58
193.203
193.911
186.786
169.148
200.62
166.972
191.261
213.819
178.919
171.124
208.493
199.326
180.808
168.536
187.076
175.936
194.829
168.07
176.276
174.104
197.339
182.412
179.584
185.797
178.005
195.865
180.83
183.19
183.151
180.245
177.419
186.477
186.319
188.853
194.717
172.299
192.625
173.654
163.612
174.641
166.7
185.717
174.436
190.363
167.82
182.304
196.04
185.36
195.09
192.995
182.12
182.883
177.368
174.172
171.435
181.26
182.14
182.399
190.668
199.462
205.202
209.637
194.435
183.573
174.262
211.961
179.388
183.915
170.537
179.787
198.406
171.14
152.987
167.42
170.732
160.869
174.39
157.263
194.676
162.537
156.386
169.297
188.863
175.379
209.247
207.227
191.758
171.277
179.814
164.202
182.235
180.247
175.076
171.265
172.086
187.343
165.765
175.153
151.73
173.774
184.005
179.234
194.043
181.303
182.225
161.05
200.39
179.619
172.468
171.456
160.587
182.529
179.037
191.425
190.697
205.518
181.571
178.007
156.713
176.127
163.173
173.031
159.746
181.905
161.562
189.499
186.069
158.866
173.323
184.77
177.985
187.335
181.573
173.556
167.859
186.173
168.168
173.575
178.145
176.189
180.26
181.08
178.384
180.786
186.929
182.539
173.581
193.402
186.138
191.694
182.125
172.957
171.79
202.95
172.455
176.008
176.093
174.785
204.411
175.767
184.429
166.218
189.628
207.938
174.538
198.147
193.109
178.469
167.913
169.455
186.659
191.356
185.352
181.792
188.538
166.164
172.58
158.989
168.962
177.241
170.654
185.264
188.199
179.556
193.461
164.566
167.759
183.236
198.783
166.005
190.752
155.302
168.688
172.157
159.995
162.56
160.772
165.838
177.061
178.618
191.719
171.221
163.652
181.459
179.287
173.312
184.193
192.877
172.141
163.655
177.636
166.879
203.415
169.127
184.746
181.69
171.899
176.055
189.59
175.805
196.241
187.354
168.617
179.537
173.916
165.106
187.435
170.692
184.985
187.372
173.974
163.643
164.81
192.605
180.727
165.306
177.288
173.728
195.974
181.933
176.416
185.29
183.134
196.661
180.785
175.692
168.091
195.138
198.993
179.172
204.678
173.705
174.814
163.64
198.297
181.922
168.677
183.858
181.827
189.515
197.913
158.011
173.648
157.515
178.437
163.089
174.032
168.993
185.002
180.241
182.45
163.774
179.118
193.035
174.19
186.85
183.292
197.994
175.321
170.736
177.922
189.223
189.607
165.658
193.026
174.478
167.258
170.374
164.297
165.857
173.369
175.375
182.62
194.711
183.127
170.55
196.366
199.196
173.105
170.453
178.826
174.633
183.406
186.789
140.891
156.775
185.252
195.489
176.864
176.248
175.144
177.902
191.387
199.837
167.222
192.507
160.921
185.097
178.263
174.71
179.415
187.969
188.057
186.582
180.131
163.529
183.033
179.271
184.88
194.184
192.472
165.066
171.28
174.56
172.73
186.838
165.576
206.426
157.596
165.593
177.153
154.627
174.328
160.073
153.846
207.767
170.21
168.43
159.976
157.173
167.985
189.249
171.829
157.846
191.511
180.494
198.477
164.234
178.187
172.146
169.892
165.564
183.414
192.271
182.801
198.758
159.296
183.463
182.244
199.47
188.618
156.629
148.302
167.177
180.135
185.079
162.081
188.45
182.571
170.926
188.02
204.135
167.315
187.736
182.346
185.141
232.296
171.161
172.652
183.089
177.513
190.782
177.399
172.725
176.409
173.92
160.631
173.568
167.974
201.129
177.08
176.687
175.776
185.926
190.548
178.594
187.249
183.956
182.638
180.762
180.888
149.426
194.778
154.502
177.887
199.161
177.603
174.288
158.391
173.166
209.673
184.046
182.96
182.893
187.769
178.104
155.3
184.485
173.661
160.584
188.58
158.52
157.43
179.863
191.917
184.115
174.524
177.947
188.631
179.125
182.436
153.599
178.551
190.105
193.225
162.351
189.904
174.946
182.932
165.086
188.763
181.015
199.386
172.151
171.499
207.666
182.936
170.559
175.051
162.795
189.707
156.676
187.248
153.9
177.959
182.559
170.344
187.096
189.642
182.175
187.383
192.526
155.57
178.168
177.47
160.349
178.79
173.053
201.283
187.456
163.108
174.113
197.285
203.364
168.537
168.015
191.369
207.086
171.282
145.286
183.955
169.169
179.83
175.508
159.903
184.436
178.347
167.512
187.583
188.616
158.318
160.858
145.423
185.084
172.824
192.918
151.112
185.093
183.285
199.38
181.235
195.462
193.055
189.763
154.012
171.696
179.685
185.149
170.47
149.34
190.572
195.978
172.789
168.388
169.37
181.03
173.981
180.574
182.311
169.491
171.348
192.824
185.425
166.24
195.029
182.057
201.293
178.556
175.474
182.75
174.471
181.46
175.044
163.268
188.285
143.19
180.466
192.762
167.513
161.864
177.193
178.339
165.779
192.68
162.324
177.949
152.25
177.415
171.471
177.687
169.867
190.587
177.102
174.544
191.424
184.954
180.201
164.158
179.543
178.797
200.6
177.215
185.361
170.48
182.301
190.03
160.359
182.677
195.425
194.437
177.728
177.175
162.039
182.812
182.612
177.423
181.461
181.806
193.117
166.229
174.873
190.843
192.607
175.306
187.33
170.453
203.326
188.776
173.585
173.629
167.999
166.784
162.992
190.659
176.396
166.665
167.283
197.674
174.55
183.599
177.108
193.69
167.747
163.963
170.446
190.768
203.032
185.146
192.371
194.734
186.229
163.137
196.193
162.507
216.02
174.671
197.582
191.754
162.926
167.514
191.379
156.579
164.219
161.051
199.664
176.516
172.66
185.859
196.524
189.101
190.331
177.778
194.332
173.954
189.567
172.568
193.244
185.087
181.08
204.465
190.365
173.701
178.382
164.168
193.893
168.008
177.335
158.433
173.648
180.819
166.074
190.302
154.037
178.714
175.307
175.549
174.047
188.282
167.742
188.429
171.568
174.387
193.675
185.357
192.293
177.955
196.192
181.928
167.816
183.733
184.089
171.145
191.269
172.383
163.726
193.541
163.459
198.198
187.827
174.943
195.257
180.699
180.756
163.857
182.649
167.099
171.014
206.403
185.245
173.848
187.377
187.604
159.936
182.49
175.547
175.619
191.474
175.869
179.39
180.878
156.556
185.681
159.478
182.625
158.336
164.45
181.574
176.199
174.89
167.836
166.666
166.455
181.287
176.169
161.481
165.214
172.901
177.829
176.359
192.037
177.536
135.656
189.993
189.622
179.273
176.102
161.866
180.33
209.97
189.128
168.957
179.111
193.637
178.175
158.159
190.767
166.849
168.514
165.992
199.205
189.552
179.722
189.749
162.823
168.932
184.391
174.744
195.704
173.314
185.149
168.478
176.636
182.273
163.857
174.717
161.041
190.244
165.286
185.606
194.549
165.541
185.355
180.558
185.125
189.694
177.37
207.963
171.163
200.507
180.626
165.051
166.498
176.043
212.562
191.845
194.8
188.919
180.339
191.66
165.754
183.133
206.25
196.105
186.491
194.655
182.209
172.482
160.933
200.585
183.627
182.396
171.002
187.381
183.748
191.3
178.939
165.492
170.891
189.587
180.04
177.945
195.468
172.898
196.314
174.76
172.333
174.872
157.908
171.303
185.109
176.186
174.518
185.56
198.183
182.35
199.266
168.048
167.825
160.507
177.099
156.165
180.224
174.527
195.871
191.95
179.315
178.034
171.662
184.514
187.586
181.901
192.661
175.216
171.535
175.012
208.233
172.146
185.729
198.763
166.921
175.317
189.645
174.111
200.208
190.036
194.083
194.486
172.319
190.094
167.012
184.495
189.1
186.433
159.736
191.825
166.033
203.805
177.207
199.638
185.764
176.841
181.121
176.386
175.382
188.103
165.157
186.417
193.856
181.376
162.288
173.401
187.74
185.949
166.804
169.314
180.188
177.538
192.832
179.909
191.191
164.685
177.055
187.247
180.805
185.893
169.631
170.03
206.844
178.732
172.357
181.35
180.573
211.56
180.813
186.339
188.582
182.631
181.356
173.29
179.806
158.006
170.993
181.621
191.014
197.988
168.588
184.631
166.838
192.571
169.183
163.715
176.299
189.67
177.111
168.294
201.298
162.526
157.809
183.86
193.751
189.202
195.554
180.586
198.662
168.973
181.667
171.534
170.063
186.177
217.323
137.208
184.494
173.661
172.429
175.88
182.928
158.937
184.229
158.158
180.104
177.089
169.102
174.218
169.6
162.205
166.029
183.64
176.44
176.888
170.526
193.619
193.581
174.457
187.846
171.59
171.609
210.399
169.715
219.704
164.41
182.482
169.544
182.525
188.718
179.602
161.085
182.583
195.299
209.731
177.168
185.851
184.769
162.982
178.561
174.17
191.792
165.163
187.56
161.486
190.253
183.617
181.578
202.644
192.652
202.928
179.121
172.295
178.815
166.209
177.735
204.821
191.837
195.241
186.406
168.029
172.15
163.136
177.817
178.532
189.317
171.915
176.565
188.976
171.037
195.563
142.993
174.322
175.078
199.515
188.754
191.078
206.308
165.586
178.762
189.818
187.023
168.595
180.502
187.615
174.949
177.197
176.839
174.919
162.33
166.868
176.468
170.329
193.024
168.789
193.293
190.648
196.531
171.063
173.79
191.764
172.036
183.044
170.262
171.725
192.57
184.054
192.996
202.797
178.231
172.995
181.694
179.222
189.548
190.597
194.195
177.218
178.218
181.629
182.389
179.413
171.328
174.82
174.153
195.179
172.849
180.388
183.656
174.106
179.038
174.327
170.73
174.624
187.484
161.044
183.534
197.196
193.727
191.269
183.762
168.011
174.891
198.265
169.526
170.527
184.912
165.692
180.098
206.424
211.594
187.311
178.777
202.109
182.915
175.4
174.488
160.973
172.796
162.44
180.682
182.023
169.333
174.462
152.949
190.838
184.909
163.96
182.782
198.375
201.282
160.406
182.69
180.853
181.435
171.43
182.271
170.321
179.286
187.054
162.189
197.443
204.211
202.087
180.91
177.689
197.879
160.801
186.671
172.843
189.23
194.589
181.409
186.137
183.519
178.2
191.73
195.973
175.35
184.805
182.086
159.569
173.669
182.478
169.814
193.397
183.487
174.11
183.133
185.306
189.499
165.289
187.078
159.874
184.378
175.317
147.128
210.971
198.918
157.474
182.305
172.669
172.942
165.567
154.9
170.174
200.354
180.155
186.007
191.423
173.703
172.147
177.71
172.522
200.104
179.735
183.377
179.033
196.716
164.347
176.328
209.134
190.601
178.483
184.995
186.563
184.934
166.023
178.44
185.001
195.294
175.471
179.281
176.033
167.101
183.205
211.242
184.442
188.144
170.064
171.843
195.535
183.09
189.545
187.501
183.418
158.171
187.579
209.849
168.67
191.227
189.672
189.791
175.884
181.422
181.82
171.233
186.083
186.464
193.86
174.493
183.655
161.908
184.702
190.861
187.831
188.731
170.56
184.817
180.361
203.224
183.701
185.43
160.635
165.817
186.124
163.949
189.308
179.563
190.146
181.687
171.534
180.516
178.296
188.435
179.283
185.79
179.701
202.984
202.324
174.837
172.779
188.841
160.548
187.236
191.636
160.769
186.928
180.914
193.23
164.289
205.096
185.749
179.052
187.994
188.346
186.5
178.604
167.756
179.763
173.237
161.24
189.373
193.684
176.477
173.439
184.798
193.876
154.652
178.747
178.167
198.448
192.348
183.562
149.797
177.568
176.986
178.439
182.566
201.244
182.737
185.979
190.014
184.996
183.032
186.203
171.435
192.473
203.848
179.239
190.424
173.896
202.752
181.643
183.223
178.874
172.732
173.3
160.035
185.605
181.185
182.375
190.267
180.384
174.302
168.231
193.501
163.937
180.298
163.107
200.297
173.485
165.731
188.178
170.422
170.978
184.868
178.21
184.636
189.959
178.922
180.6
191.315
195.577
165.155
174.583
146.414
196.826
191.769
191.823
182.505
182.472
180.085
179.864
186.39
174.234
175.186
187.372
186.695
169.948
164.284
164.148
178.368
176.303
195.065
161.408
181.444
173.276
190.735
177.908
184.052
163.702
153.278
176.296
187.585
196.769
188.763
190.612
187.714
196.916
184.581
164.119
174.732
181.958
169.266
177.04
190.607
194.946
181.948
187.491
164.952
184.995
179.157
184.586
177.98
181.48
183.211
173.27
198.623
182.601
173.774
175.275
160.302
176.225
186.758
168.744
188.534
167.407
189.195
175.094
196.071
194.053
170.722
177.568
184.428
202.943
205.807
168.964
171.567
173.307
198.099
164.511
184.09
173.931
173.342
173.358
179.462
158.441
189.234
152.176
154.788
171.359
180.325
201.782
177.714
173.15
161.088
190.683
164.37
196.48
201.905
177.83
179.064
156.769
181.712
183.209
195.62
165.864
204.34
158.871
151.546
175.936
186.008
203.402
179.248
190.042
184.457
172.391
171.98
166.733
177.424
175.958
205.947
176.921
178.127
180.619
185.668
197.821
207.577
179.421
183.818
198.132
160.581
189.012
166.99
180.186
212.436
172.211
190.7
154.912
188.654
176.498
172.492
168.392
191.854
169.658
162.074
168.259
198.701
189.906
151.442
193.818
199.687
195.776
194.314
199.945
196.199
183.65
193.265
176.059
178.974
168.214
181.882
197.892
173.408
163.683
167.385
187.933
172.584
183.666
191.947
178.949
191.178
183.459
176.196
178.684
179.716
182.355
220.115
183.565
172.244
172.753
176.606
168.694
193.214
193.374
163.691
193.586
172.859
196.377
188.722
169.106
173.896
191.498
175.693
188.249
183.905
197.148
169.664
176.231
187.338
173.803
175.898
183.02
187.488
182.101
194.904
173.947
169.095
153.472
174.214
192.426
180.74
186.139
188.881
158.368
189.837
168.667
182.951
206.961
168.223
183.502
166.414
188.166
161.407
179.814
161.26
189.587
182.7
178.984
177.965
182.549
177.776
187.529
177.082
185.712
185.582
179.763
194.735
165.253
186.853
185.68
157.402
183.982
188.509
178.335
177.248
173.181
213.282
189.711
180.908
177.316
175.363
179.598
204.075
184.004
182.485
179.401
171.894
162.862
183.746
163.787
198.637
188.615
191.168
190.468
179.202
176.674
173.734
192.577
194.566
183.497
189.619
176.687
179.96
176.261
164.976
170.875
184.787
182.231
203.668
175.898
184.421
178.291
168.368
179.807
173.872
171.761
179.779
182.309
179.201
190.375
155.755
174.09
196.282
187.784
194.798
172.138
167.054
197.635
172.404
163.647
194.946
163.062
171.932
170.823
176.303
174.502
191.073
179.153
189.068
182.42
179.055
194.023
178.243
193.355
187.838
173.16
175.846
185.554
159.537
180.098
179.538
202.45
166.25
186.934
158.929
155.706
190.436
198.252
165.253
152.552
196.038
182.271
200.797
165.15
193.819
157.364
167.074
183.615
173.158
185.298
201.972
176.644
185.04
189.21
172.09
180.509
200.357
199.74
178.428
158.21
175.268
196.178
192.98
187.877
197.483
179.758
180.099
174.484
170.389
175.588
176.431
164.843
194.805
172.212
175.585
182.214
178.231
179.491
170.959
189.872
174.703
189.533
171.938
193.607
190.284
171.901
170.519
183.534
177.95
183.545
172.655
183.523
193.921
180.378
187.704
179.3
164.204
174.369
176.168
186.714
163.836
197.816
168.997
188.708
182.193
171.921
181.745
167.016
166.876
174.151
168.665
174.171
181.608
166.878
175.169
162.934
183.734
136.402
195.68
177.152
176.533
182.015
190.103
175.826
163.78
177.244
185.588
185.599
190.191
195.418
193.162
170.561
203.04
171.207
155.594
180.473
159.301
192.297
192.116
171.417
158.478
186.41
189.693
180.388
189.679
189.978
168.674
158.035
202.987
169.891
156.593
171.716
173.574
149.541
195.305
163.304
186.444
173.456
161.203
180.992
192.597
181.826
184.07
206.404
192.303
177.862
170.648
187.96
182.187
182.834
177.551
179.208
185.381
160.389
192.128
185.274
192.376
153.274
199.347
172.701
163.408
186.601
176.859
176.965
167.388
213.214
218.423
174.306
195.796
184.849
165.405
194.133
189.77
190.425
162.622
201.697
174.219
169.648
152.238
151.575
198.839
181.013
179.65
172.469
180.468
183.164
173.761
194.668
205.96
148.777
180.449
172.717
195.544
174.05
210.402
179.63
176.53
192.408
197.581
171.729
182.442
174.703
167.566
182.265
191.711
167.33
158.541
171.806
209.548
173.547
184.369
187.129
189.912
160.953
187.036
173.948
172.533
187.985
210.512
177.809
167.122
178.77
194.397
191.703
181.948
179.859
162.597
163.599
166.985
198.661
176.375
156.496
160.001
183.428
181.095
190.764
165.243
175.067
177.395
185.733
176.896
176.54
154.199
161.777
188.937
198.895
170.98
200.394
174.647
192.87
202.166
184.28
181.087
199.05
183.461
166.266
189.2
170.211
190.148
172.264
179.418
179.331
178.425
188.496
164.337
174.737
177.57
186.8
189.261
171.154
179.483
164.998
187.669
157.956
167.784
191.537
199.436
176.682
158.867
185.135
193.484
177.791
184.753
184.162
182.186
174.969
156.904
186.733
189.947
207.054
159.139
184.969
173.705
189.744
184.637
190.942
152.174
187.384
163.317
192.747
179.486
191.334
182.942
205.864
196.884
170.414
159.968
186.911
169.157
168.018
191.037
186.977
185.523
180.733
188.543
177.649
210.806
195.8
191.263
172.067
184.956
173.276
164.574
170.659
166.052
180.924
185.907
192.478
201.392
181.091
175.787
188.954
165.619
180.001
180.059
194.426
183.157
180.596
168.617
205.529
189.394
172.767
185.005
172.104
174.546
161.235
162.343
192.84
187.802
160.497
162.635
164.517
172.34
171.852
180.038
197.449
182.644
173.284
165.555
181.887
158.426
203.347
192.375
168.949
211.462
187.331
181.531
178.753
157.845
190.429
201.425
182.871
176.702
166.94
165.038
185.509
156.735
186.271
171.624
174.953
166.142
176.396
157.784
182.066
160.511
171.597
166.763
171.26
146.377
170.108
177.245
174.499
166.114
181.446
164.9
176.115
175.796
183.395
183.261
150.346
170.655
155.062
161.586
174.714
190.746
178.979
169.768
156.892
186.553
183.491
182.622
186.449
181.418
159.473
182.976
168.411
208.248
181.412
191.451
177.801
184.675
168.769
185.311
152.481
179.478
176.88
185.242
182.316
180.812
165.7
184.317
172.642
160.001
175.423
161.704
186.53
202.888
205.046
165.001
159.464
201.356
169.566
174.804
168.792
182.291
175.569
171.629
176.965
178.63
161.049
155.822
174.116
178.92
171.502
167.099
199.557
174.611
168.823
193.371
170.352
179.077
183.485
177.234
178.962
197.034
176.358
194.359
175.635
183.54
186.189
182.16
195.712
190.71
187.621
179.537
182.346
193.941
179.562
177.363
179.318
194.201
196.752
183.842
184.15
186.509
177.346
164.008
170.259
193.166
178.543
189.589
193.688
175.707
181.242
186.213
180.352
177.498
182.775
167.643
177.168
183.651
173.013
176.155
170.967
163.285
164.477
157.444
169.939
168.55
190.069
167.444
193.461
198.405
171.797
170.808
184.582
183.767
178.618
181.24
183.881
184.274
173.622
206.621
181.518
190.02
190.675
167.878
188.726
147.18
201.123
175.301
195.723
199.082
206.864
184.934
170.862
187.813
193.223
173.088
187.636
158.046
190.615
189.97
194.859
173.731
169.703
182.422
186.167
185.098
161.26
184.044
190.178
182.8
177.748
170.363
172.003
153.864
170.591
186.915
189.45
179.068
171.779
166.181
175.7
161.0
167.457
165.33
185.673
182.135
184.593
179.85
182.655
181.174
184.148
203.545
193.606
180.563
193.671
171.047
193.349
188.926
191.609
200.748
202.667
174.359
180.092
184.124
161.161
175.871
191.043
199.761
205.408
196.891
185.074
203.103
190.679
195.515
191.283
167.494
186.42
178.443
180.679
179.481
193.564
175.918
164.265
150.097
210.048
180.237
179.148
180.529
185.814
172.426
191.278
191.408
177.225
172.954
202.302
182.623
190.665
192.917
177.902
188.196
218.294
172.314
181.833
177.196
192.682
191.419
187.323
172.33
173.688
176.636
200.593
174.04
175.925
174.601
184.724
163.276
190.907
191.732
169.358
152.109
184.283
151.879
179.458
160.517
171.473
176.057
181.641
162.045
166.5
178.118
167.062
176.506
179.688
189.236
190.591
177.821
154.35
163.572
177.662
186.35
191.933
178.26
176.969
198.274
184.444
171.953
196.601
171.761
184.767
172.077
174.019
198.901
158.917
174.469
198.82
156.546
188.205
196.033
198.453
180.988
188.504
175.963
179.279
191.323
184.518
178.714
186.744
188.933
192.185
167.25
165.524
177.961
171.428
194.319
188.286
181.149
178.805
179.125
200.268
196.179
189.869
178.925
162.909
203.275
202.18
177.134
156.635
180.605
190.285
189.566
176.657
187.508
157.641
197.951
184.5
178.343
181.109
162.271
152.883
168.305
185.052
189.08
162.743
170.524
168.346
175.522
182.984
167.971
185.193
181.991
196.511
168.871
210.525
174.943
188.112
175.109
178.138
191.167
185.299
183.859
188.822
178.72
157.848
187.861
151.343
189.011
191.59
180.501
192.585
180.829
178.434
173.502
181.803
165.976
194.265
181.525
171.766
191.638
199.939
177.953
191.327
190.849
179.506
178.742
194.697
162.681
170.267
178.586
196.754
179.567
169.517
177.656
182.65
170.108
187.725
173.126
194.834
163.075
166.715
178.745
180.41
182.033
184.376
160.378
183.442
179.634
173.194
175.379
190.107
187.455
166.428
183.976
178.181
175.983
183.093
177.396
198.769
192.967
188.095
172.697
159.034
170.461
166.828
178.841
164.594
170.494
199.32
183.002
160.928
160.525
186.714
199.95
184.712
173.653
198.305
179.095
170.923
189.564
184.417
190.668
185.289
199.95
181.795
162.709
173.879
175.233
175.884
166.216
165.703
186.353
175.073
172.18
173.89
194.606
164.318
181.277
178.268
194.82
169.73
186.304
198.234
190.48
199.009
183.92
192.289
181.721
169.917
182.053
178.555
183.022
186.635
177.651
184.372
198.651
197.846
159.897
188.108
182.921
191.607
180.126
177.437
175.296
163.592
180.731
178.147
167.085
182.769
171.196
178.602
173.566
182.139
183.131
186.539
167.83
188.537
150.535
182.375
174.233
175.753
176.277
179.584
168.011
177.184
189.254
204.682
181.066
160.637
177.93
191.392
179.83
187.487
183.843
191.997
168.837
184.636
179.218
184.014
195.572
185.265
183.537
174.748
172.403
166.79
183.979
179.652
177.969
180.423
167.742
191.448
170.209
192.948
185.849
174.015
193.615
169.193
173.143
193.727
178.33
162.833
188.415
155.056
175.513
168.584
170.147
155.324
166.542
190.401
163.565
167.485
162.508
183.229
181.929
178.867
168.692
149.242
178.641
176.732
193.446
184.863
173.429
175.454
180.349
137.729
173.816
193.657
177.471
171.166
185.021
188.304
187.42
192.276
167.483
198.318
197.688
207.181
189.736
178.502
158.474
181.416
194.484
179.972
177.358
180.842
181.42
166.863
168.229
199.564
176.036
175.391
154.632
164.206
202.453
163.006
179.327
196.048
170.985
181.637
158.847
194.665
207.882
180.299
192.308
201.701
173.783
170.683
198.434
192.811
181.823
171.043
180.02
199.128
199.277
190.292
179.0
193.552
179.584
154.496
181.982
163.708
180.267
165.175
183.854
204.758
192.693
195.719
185.82
179.158
170.904
188.915
174.648
165.612
185.317
199.958
184.716
174.788
179.748
181.063
192.681
156.991
166.318
212.383
195.83
184.454
182.62
158.687
161.247
174.667
186.652
169.762
187.516
164.136
199.294
177.75
168.611
165.91
196.024
164.423
191.479
170.806
175.143
171.1
185.098
164.938
160.202
195.852
160.791
183.916
200.275
192.854
158.596
181.387
174.426
191.29
154.94
181.169
182.255
190.556
183.409
179.269
189.167
186.082
176.707
192.465
184.505
195.407
176.238
179.057
179.612
172.121
167.459
172.797
171.579
175.177
173.361
175.827
198.361
175.409
167.672
186.129
183.56
170.06
195.54
197.706
175.062
176.693
164.882
179.124
166.555
162.525
176.118
168.332
176.9
183.193
201.595
204.156
173.986
174.505
174.649
161.721
179.855
182.717
192.736
192.49
191.205
191.076
162.046
185.94
167.982
192.005
174.083
193.222
177.567
170.825
180.336
180.889
179.162
165.604
172.141
151.62
181.448
175.553
171.868
180.047
183.874
189.294
199.726
176.513
175.401
168.616
188.649
189.616
185.058
161.921
184.095
175.431
170.122
177.291
180.67
184.253
186.329
183.59
192.978
172.412
158.702
178.606
180.406
179.05
181.774
187.508
190.25
182.96
176.129
196.596
193.68
188.493
179.303
168.473
165.782
188.933
201.491
196.284
189.408
198.614
170.51
179.934
194.254
182.014
169.695
175.41
180.247
190.321
198.866
175.416
202.711
170.957
174.481
184.089
183.776
183.209
182.623
160.343
194.81
158.504
176.863
189.879
161.273
160.765
175.449
176.48
164.844
174.669
167.958
175.919
190.502
174.78
181.84
192.916
184.446
180.574
181.048
183.066
175.888
195.846
178.176
181.96
171.648
190.988
187.007
171.915
175.416
177.173
194.717
176.968
195.489
189.745
172.352
185.757
177.937
176.423
176.003
183.81
159.071
185.102
162.727
187.085
172.184
172.697
169.768
173.622
176.484
181.575
183.568
181.085
156.335
181.191
166.21
177.958
180.695
192.495
215.172
214.476
201.239
168.743
170.468
171.445
190.931
181.613
188.099
185.821
201.927
168.417
149.503
178.278
192.08
190.549
179.618
171.075
207.659
171.426
193.132
170.463
178.768
203.178
174.068
197.484
188.61
165.12
186.27
150.911
197.281
190.259
177.085
193.698
178.104
168.611
153.345
180.036
184.641
179.943
185.031
210.226
178.553
184.734
191.632
187.224
192.606
174.233
181.595
181.549
199.839
168.296
179.742
185.237
189.946
163.047
178.875
204.097
159.177
193.353
166.948
174.68
180.405
183.478
192.533
195.135
166.145
201.312
214.285
183.983
167.904
176.839
186.823
168.685
160.244
179.049
154.25
179.826
178.431
165.61
202.007
185.128
158.833
178.984
177.771
190.486
184.099
171.34
186.692
180.422
172.682
170.831
179.267
162.851
197.979
175.149
168.406
175.353
204.924
174.36
180.512
181.962
177.313
199.528
192.615
167.097
169.286
174.148
159.534
169.745
171.622
172.322
185.324
195.309
188.731
178.314
184.547
178.787
176.4
199.416
168.91
204.969
170.317
197.773
162.902
182.501
177.588
186.404
164.029
193.839
183.229
188.753
173.175
183.206
174.321
174.521
174.39
167.764
190.275
175.895
183.946
167.757
191.171
199.741
168.071
189.515
192.211
182.952
185.463
177.468
183.837
168.95
186.99
183.382
183.19
179.27
182.518
172.219
161.385
168.282
205.349
182.398
154.781
200.635
173.321
166.058
171.554
177.337
211.069
167.305
165.845
168.952
180.342
175.021
193.617
175.258
183.049
179.085
175.788
172.74
193.93
155.002
180.471
203.196
172.571
175.079
175.406
198.8
180.34
173.686
173.218
187.025
191.032
185.027
173.09
187.722
183.553
193.444
193.685
167.456
180.458
178.038
172.384
178.185
209.21
218.442
199.656
180.208
163.172
194.652
178.818
159.311
186.295
172.1
191.958
175.168
190.879
183.567
158.4
175.452
181.133
180.118
171.657
156.667
187.099
191.071
180.581
181.065
178.995
166.057
176.241
173.292
175.841
162.685
190.692
171.434
191.26
172.336
182.425
194.903
160.147
192.654
187.976
164.161
168.473
178.883
184.446
202.826
176.154
193.13
183.62
188.221
164.041
199.145
179.449
186.577
199.523
171.912
188.912
177.65
188.366
194.242
178.344
181.993
183.045
208.09
202.219
159.437
178.952
186.065
206.205
176.154
167.775
161.799
172.795
170.036
176.588
183.178
156.126
167.178
175.279
172.522
193.713
187.519
186.739
169.497
195.758
164.921
188.799
167.418
181.342
197.122
178.765
200.162
186.38
172.316
181.532
176.379
178.747
175.902
200.495
169.949
166.571
178.455
175.317
182.096
183.253
166.99
186.026
179.451
211.753
173.031
176.399
169.547
169.627
170.812
178.623
184.729
180.863
174.386
180.893
196.675
183.775
172.958
169.84
179.007
191.394
171.844
172.364
174.808
180.269
167.042
177.411
179.004
179.705
177.991
199.637
188.023
183.288
165.41
180.184
184.24
190.757
192.783
166.851
170.873
185.165
192.705
197.346
181.669
159.498
163.707
185.058
189.964
156.742
178.88
179.779
171.231
187.924
165.655
178.54
185.305
161.617
199.958
171.62
181.194
173.482
171.833
184.249
182.012
185.773
187.509
170.456
176.938
208.615
193.083
198.28
163.297
172.158
184.002
174.959
157.302
178.59
217.179
205.387
172.345
184.069
178.096
171.029
203.907
175.745
187.048
175.494
187.081
181.609
184.32
165.101
162.873
185.756
181.848
166.875
181.165
164.193
196.435
154.674
162.216
196.389
179.013
189.64
184.899
187.434
188.02
178.835
195.123
198.028
178.143
181.562
179.153
188.417
164.174
174.232
205.595
193.651
188.49
169.839
157.479
171.793
179.7
166.612
161.463
186.189
185.232
189.525
193.84
179.974
150.211
194.99
179.736
166.375
169.836
190.828
187.595
182.499
176.63
168.806
172.88
173.021
164.917
199.732
177.513
192.855
182.247
161.839
185.129
178.757
156.859
170.749
190.245
178.731
177.455
189.357
194.053
179.836
190.878
178.189
184.706
184.515
182.653
189.298
215.45
176.691
199.042
181.452
177.838
179.43
187.171
176.302
167.649
172.203
169.491
151.563
174.142
191.444
192.985
169.818
176.612
198.062
176.575
154.899
160.079
187.058
194.433
189.892
201.145
170.856
168.146
177.176
181.399
172.333
192.387
191.709
182.966
178.924
184.74
185.318
177.25
194.029
168.807
178.113
189.489
177.82
187.555
181.275
193.489
173.132
173.131
184.479
167.671
180.533
200.083
186.326
174.457
186.081
189.752
165.571
174.973
212.534
206.27
172.99
189.912
169.578
179.729
145.002
163.266
148.066
158.632
181.633
180.44
180.622
189.129
188.568
156.578
181.227
164.308
182.751
201.081
185.914
171.444
181.466
183.416
194.835
174.839
191.752
191.199
164.936
168.121
172.988
181.252
171.576
206.986
190.177
159.345
161.236
191.66
178.598
201.728
171.816
201.398
167.899
178.844
155.266
155.672
202.94
197.121
202.715
184.338
185.507
185.098
184.238
184.493
181.689
186.952
184.521
192.708
199.892
175.037
187.923
193.564
171.556
187.839
199.347
200.072
184.12
176.779
168.482
182.011
186.021
170.846
175.087
196.334
187.84
176.678
194.698
178.859
190.223
181.625
172.028
171.087
193.466
176.949
172.922
175.39
185.24
182.035
173.038
167.649
187.011
183.106
171.519
186.678
173.932
172.941
191.553
196.945
190.752
176.163
180.654
175.041
183.213
177.162
182.693
188.241
200.078
182.219
152.367
176.901
177.682
180.088
169.733
188.698
168.969
185.792
175.252
176.001
171.609
169.475
179.995
204.704
174.667
184.499
146.281
185.905
192.251
174.838
203.305
173.272
184.454
164.276
179.269
158.53
203.938
194.283
154.785
197.741
188.74
179.207
179.887
178.226
172.983
209.095
179.086
156.829
162.595
196.589
188.792
158.89
171.919
190.539
172.727
188.213
161.679
176.038
179.064
195.93
176.496
166.112
178.327
187.786
184.699
172.382
183.098
179.506
166.117
177.998
205.699
155.898
163.805
183.52
207.578
191.582
176.23
153.768
185.653
177.052
176.988
183.43
170.979
173.79
198.319
167.458
192.257
145.841
175.369
184.703
205.059
162.36
186.815
163.184
186.047
192.481
168.117
189.925
190.461
168.284
167.618
193.952
193.106
180.324
176.514
183.947
188.744
182.145
168.437
205.342
172.026
183.863
181.022
169.345
182.338
192.166
186.598
188.363
163.943
188.689
180.576
171.708
172.159
173.179
200.78
221.477
197.837
166.862
190.722
168.554
170.607
163.08
174.814
161.254
169.273
179.733
192.391
169.028
182.045
161.699
179.56
182.347
171.628
177.962
187.552
163.157
160.344
175.043
167.509
175.671
172.19
166.039
158.286
173.259
199.121
180.281
181.212
176.737
159.898
168.961
187.189
193.015
159.22
182.3
195.522
193.743
188.806
170.043
176.825
155.725
165.676
188.016
170.727
179.532
172.547
168.087
199.562
177.064
170.626
172.523
180.689
188.762
176.632
183.479
179.775
169.386
171.069
166.085
180.981
172.347
195.784
192.116
192.577
177.988
169.955
199.716
197.388
178.331
175.042
187.641
169.088
153.311
173.373
183.339
169.079
177.326
162.32
193.184
172.479
182.141
181.83
197.596
177.394
180.244
188.324
155.35
186.815
161.737
180.659
170.063
192.286
204.02
171.333
195.528
163.222
200.109
168.707
169.246
181.447
182.876
153.065
169.669
172.692
166.297
173.2
170.596
184.44
193.909
179.237
189.851
192.995
205.351
182.341
191.317
171.23
210.388
180.837
192.438
184.63
176.018
169.86
187.26
170.173
159.09
173.617
190.653
182.235
176.133
178.728
178.95
174.556
176.225
180.921
186.512
165.123
197.267
153.053
201.781
175.031
167.516
171.832
184.61
214.77
162.809
188.584
173.72
154.016
193.969
180.145
190.11
181.544
195.707
191.77
180.069
174.378
188.291
199.312
182.662
195.053
172.191
176.339
178.373
188.425
184.471
149.081
179.698
191.172
175.844
196.776
182.78
176.882
183.323
181.183
172.408
173.002
186.571
187.284
203.492
174.185
187.408
171.812
186.288
186.921
168.198
160.757
169.441
180.46
192.876
177.903
168.887
165.549
175.894
172.958
205.487
184.976
198.24
203.962
197.648
178.249
174.561
207.691
198.223
183.75
171.29
178.632
183.999
194.659
183.581
174.211
176.365
165.458
177.899
160.632
188.595
177.125
196.038
177.393
176.535
174.35
160.212
170.101
172.381
192.47
179.09
176.669
178.829
179.614
192.935
171.051
217.048
195.651
165.877
155.175
211.204
167.48
188.234
185.684
166.651
176.368
173.643
173.072
184.797
178.186
198.467
158.9
160.206
168.878
160.46
179.562
160.649
190.193
208.877
161.778
188.677
177.609
163.614
182.668
170.465
197.858
186.017
168.109
175.212
175.068
175.845
159.553
180.116
168.538
178.213
175.976
204.952
211.154
182.988
152.307
171.77
188.71
184.647
161.993
179.151
180.346
179.577
163.938
194.673
175.112
169.999
165.228
183.79
163.209
186.999
162.664
173.689
178.006
163.519
199.034
165.755
182.507
190.445
183.75
182.754
195.712
169.497
177.953
189.864
170.43
161.15
165.885
174.113
183.655
163.474
165.929
168.871
185.684
181.215
185.048
171.001
202.55
180.204
167.809
149.648
189.229
180.484
193.65
191.342
173.414
172.227
174.774
188.81
179.54
177.278
162.827
169.276
182.756
184.756
187.98
177.878
191.121
187.085
158.716
181.102
179.253
186.247
173.684
215.451
184.208
170.49
161.22
180.332
199.78
168.639
185.674
178.559
200.147
185.112
203.334
170.56
178.055
165.123
167.188
175.611
196.979
168.024
183.387
190.851
185.266
178.104
185.616
174.779
176.72
183.068
162.652
168.763
187.274
170.318
185.171
192.236
164.879
192.582
220.195
182.915
198.771
162.81
179.433
191.003
170.829
184.776
191.319
173.781
187.769
190.629
180.939
185.242
179.959
197.943
165.818
165.245
172.071
174.33
173.243
186.746
194.164
192.215
182.702
180.237
185.922
178.757
193.006
164.712
170.417
157.166
176.429
167.027
177.595
183.035
194.595
172.857
186.215
173.057
169.561
176.538
180.999
172.245
174.807
188.253
190.128
183.58
172.817
157.823
177.757
176.065
188.496
201.677
178.241
179.759
173.128
180.618
194.066
163.741
190.216
181.18
160.324
159.602
208.504
158.486
207.361
157.983
202.768
150.568
183.936
169.144
183.15
155.668
185.633
176.824
188.248
196.892
193.385
200.06
187.148
176.26
174.785
156.832
189.425
175.806
151.352
180.493
188.626
176.399
171.981
176.453
209.135
170.575
199.704
183.6
190.901
191.062
172.161
164.362
166.981
182.014
169.913
178.698
163.223
204.08
180.844
188.496
184.667
172.352
183.45
203.008
168.25
185.883
164.551
163.567
171.161
172.611
171.336
193.601
167.91
186.416
185.731
188.754
164.064
178.534
187.554
203.914
184.569
179.017
172.093
170.912
172.743
181.874
185.599
171.02
181.243
179.824
177.575
188.149
181.506
189.295
174.271
167.459
193.2
175.16
184.884
177.854
186.646
193.017
164.725
186.82
191.331
184.002
186.852
178.6
202.127
197.435
176.958
190.469
163.872
172.336
193.401
191.821
185.118
164.216
199.525
182.952
155.467
184.659
182.523
176.048
172.172
167.873
166.714
166.794
176.551
172.904
175.773
206.642
167.964
161.039
179.165
185.223
185.002
184.929
162.672
181.347
189.98
169.911
167.942
191.73
169.681
182.016
192.973
174.11
193.179
175.919
192.678
170.132
163.742
161.087
183.322
171.681
182.105
176.194
194.365
172.275
171.619
178.187
197.696
174.412
181.437
153.885
191.085
177.139
164.743
162.634
159.541
178.745
171.289
195.942
175.315
198.992
164.032
192.654
188.536
172.822
151.926
164.142
164.063
177.452
196.524
183.395
183.879
172.893
194.73
170.605
185.615
179.581
196.274
180.739
191.918
184.815
185.385
159.165
175.142
189.948
200.406
184.08
179.441
189.106
184.1
185.73
159.107
206.323
168.833
197.785
170.62
173.594
170.148
181.38
165.872
206.115
161.333
157.629
175.095
153.419
191.615
172.847
189.615
187.974
175.587
142.79
181.139
193.747
166.66
166.105
204.256
163.908
187.184
193.27
174.03
158.669
187.208
199.496
171.054
175.441
166.239
177.742
167.908
180.478
168.724
181.671
185.055
186.815
180.623
189.008
182.234
188.395
186.369
170.847
184.462
200.429
195.263
183.649
184.443
185.784
173.72
212.466
182.707
181.781
176.288
180.097
175.87
189.34
185.531
183.509
169.12
160.718
184.101
175.19
171.287
213.561
184.855
175.648
166.11
163.746
210.928
168.362
180.578
181.609
166.987
183.099
179.378
175.488
198.85
209.052
185.334
174.209
179.668
185.991
170.177
185.152
176.959
179.653
168.412
167.322
174.694
175.451
190.599
195.791
172.384
169.464
188.352
213.397
181.603
187.923
169.084
153.508
178.147
187.466
184.022
191.919
167.474
176.261
182.622
180.428
172.587
183.005
188.061
165.569
179.951
174.752
165.232
192.542
171.688
166.975
168.08
167.124
150.967
178.283
191.888
182.245
194.531
184.535
174.832
178.359
164.181
200.053
199.206
168.883
177.608
191.482
175.046
173.055
188.995
173.206
170.407
164.007
146.558
189.627
200.861
175.721
191.611
179.855
196.278
190.264
165.464
185.346
186.001
178.84
162.445
170.026
147.086
182.751
165.794
162.782
174.862
179.152
145.369
188.281
167.995
182.041
169.386
158.826
168.544
175.166
179.441
190.642
169.511
203.93
183.119
198.162
173.303
179.81
174.775
171.19
188.067
180.151
193.221
189.338
171.308
185.347
201.777
189.257
172.482
168.827
171.365
180.163
191.732
186.961
176.238
168.275
186.2
175.453
191.74
172.382
201.329
158.556
168.402
177.861
173.739
173.975
169.447
186.217
192.759
187.339
180.534
173.529
163.927
190.863
175.186
172.762
166.105
190.992
207.403
182.333
179.189
168.734
159.941
172.693
200.931
194.919
190.344
183.434
162.271
183.6
196.71
187.993
160.742
171.113
179.092
156.5
183.727
202.596
171.936
179.855
174.464
178.873
162.477
177.477
185.322
209.392
194.728
211.452
176.215
161.292
167.514
181.358
200.059
171.843
200.612
190.443
174.741
186.257
193.998
172.069
164.17
193.686
196.423
175.83
178.898
181.897
170.492
188.586
195.058
167.379
168.018
163.074
167.575
165.089
209.614
181.177
185.277
184.064
190.294
184.829
173.297
186.429
182.277
180.086
174.586
164.79
181.419
188.498
187.726
169.446
195.28
178.979
152.18
197.766
153.684
185.632
196.288
167.874
205.014
168.634
187.261
178.3
164.03
184.696
181.185
175.82
161.753
186.413
177.103
192.471
177.272
167.342
186.328
167.98
159.701
177.19
180.681
167.284
172.49
204.966
152.224
165.285
175.513
180.581
191.513
176.202
187.0
170.226
201.828
192.544
151.896
188.34
164.083
191.03
181.842
171.629
199.303
164.307
162.653
178.314
188.719
175.374
186.343
167.112
182.037
194.432
159.543
206.113
183.492
184.208
173.917
189.944
178.611
177.393
181.015
187.808
157.982
186.929
175.388
186.182
175.939
167.695
195.816
196.172
175.545
193.061
193.67
170.229
171.952
182.189
179.295
185.093
179.719
183.706
163.294
154.018
190.544
192.857
197.226
189.499
177.956
187.966
168.56
191.814
186.179
170.666
181.881
200.756
191.785
190.845
184.794
170.404
178.427
211.121
194.579
179.773
171.021
182.041
178.189
187.156
187.423
172.635
162.034
184.373
166.407
179.38
168.387
168.23
185.069
160.547
179.269
168.242
166.496
171.662
188.339
171.6
178.343
176.386
200.841
195.466
186.226
185.112
176.944
187.183
187.766
187.167
170.725
186.574
172.72
162.658
201.308
186.774
169.247
163.127
180.774
185.758
188.578
159.648
191.02
191.765
173.521
158.735
176.806
189.592
178.954
160.935
178.12
169.918
177.479
181.293
182.086
202.507
178.567
179.163
191.64
190.323
176.871
182.115
180.072
174.727
169.214
163.536
172.642
162.439
158.172
182.318
144.988
172.881
179.457
174.185
175.501
180.51
166.005
186.253
181.22
166.659
178.764
171.697
189.854
157.511
173.538
183.266
166.138
158.088
174.623
190.275
183.418
180.692
179.089
175.084
173.247
188.061
179.881
173.944
166.334
169.053
174.904
183.613
182.874
180.655
173.366
152.588
168.135
164.892
161.343
182.498
180.521
193.817
173.292
168.619
172.555
194.484
204.426
178.053
190.938
172.406
164.615
186.797
170.9
182.66
182.861
188.857
168.718
165.813
169.064
180.309
198.071
178.593
198.915
191.61
185.108
182.74
168.928
190.174
174.594
180.972
188.345
176.288
180.539
164.935
165.94
177.548
155.363
196.453
156.095
189.21
186.187
171.483
183.697
182.932
187.919
186.446
188.522
213.508
185.237
171.11
171.391
177.981
172.913
161.84
176.48
198.874
184.775
161.265
194.855
198.909
184.814
163.567
171.12
184.075
172.159
194.318
192.617
155.668
184.629
171.021
164.102
171.552
174.963
169.239
186.953
175.849
186.7
173.14
150.135
194.824
177.233
199.789
192.163
207.984
180.538
186.998
196.266
206.275
179.548
163.587
176.545
165.723
175.415
189.725
186.449
165.709
168.7
174.576
177.439
171.131
197.159
178.06
183.069
182.336
163.053
179.448
153.91
171.589
171.998
188.827
180.434
180.952
170.659
180.837
185.158
175.194
173.836
177.546
175.127
161.022
170.229
190.493
180.158
174.363
181.319
188.264
186.832
173.132
201.995
151.697
187.475
183.246
169.315
183.598
161.879
189.487
191.883
197.089
187.313
182.667
196.44
191.859
200.953
181.746
186.332
171.621
176.069
184.841
158.017
158.758
173.635
195.109
165.841
182.242
172.941
163.113
169.429
169.963
163.299
186.501
202.62
175.176
186.207
203.722
197.53
197.548
166.714
180.198
185.913
184.025
178.471
200.72
185.755
171.908
167.157
180.879
181.471
169.463
174.775
186.095
174.515
184.975
192.28
205.74
197.962
185.303
147.52
186.752
165.311
184.784
143.868
169.497
180.957
180.852
189.023
180.068
173.661
188.677
167.748
177.858
204.028
162.895
172.58
202.82
185.585
195.778
170.324
153.495
173.254
170.637
186.263
182.792
194.381
188.235
199.27
202.635
199.384
169.827
197.291
197.447
206.574
183.959
170.653
185.363
178.3
162.993
160.712
185.034
170.221
187.635
186.64
168.107
182.393
189.909
173.84
202.82
168.275
199.532
164.852
193.594
180.877
189.733
186.372
203.237
196.518
190.257
180.998
175.562
173.735
168.572
185.049
179.05
180.543
171.849
186.591
173.967
179.563
165.49
192.825
166.189
189.744
187.621
164.527
176.738
166.808
157.554
165.904
171.952
187.185
156.501
167.644
172.941
179.391
185.163
168.804
187.611
187.065
187.064
172.475
175.891
170.129
192.164
165.794
182.359
172.15
180.633
171.75
159.299
182.024
186.006
175.481
166.858
157.192
168.087
182.243
183.577
171.628
178.475
188.987
182.714
196.5
178.77
181.218
202.316
183.878
171.248
209.321
163.358
160.813
178.509
178.751
161.409
171.76
197.864
182.245
160.891
182.875
174.624
193.624
184.313
177.002
187.129
189.338
158.2
166.221
176.013
175.442
175.98
155.727
194.203
196.223
168.794
190.095
166.207
168.253
179.734
179.348
184.745
197.525
206.951
174.712
170.137
187.797
164.939
183.54
181.024
184.682
176.196
164.589
196.977
175.223
171.829
180.389
198.873
177.059
197.267
175.461
185.948
166.091
192.473
154.185
191.528
176.881
185.672
156.915
191.369
180.834
160.712
197.886
185.428
171.41
179.769
181.314
175.671
195.079
170.022
197.339
173.155
200.189
187.782
175.703
170.575
189.469
175.202
174.033
174.702
159.645
159.337
200.762
188.488
209.291
190.293
177.046
187.02
178.5
156.494
204.963
181.033
184.789
183.969
184.281
183.862
156.346
194.025
187.932
157.297
170.56
183.812
175.78
200.547
186.661
174.792
176.36
199.916
167.68
167.225
171.177
190.69
185.509
183.771
203.159
184.554
196.932
188.128
152.597
163.657
193.16
182.326
183.551
182.711
173.285
187.248
176.535
202.163
152.71
173.29
197.98
162.506
169.916
181.554
204.287
164.184
176.569
189.205
181.686
187.428
184.929
202.512
180.445
184.757
180.153
193.271
193.58
158.998
188.643
169.6
178.719
180.111
197.534
204.363
169.942
193.38
183.037
177.795
212.092
188.448
172.7
193.182
181.191
179.362
197.968
192.771
194.365
162.108
173.245
160.588
166.902
175.827
182.04
168.997
164.434
177.312
196.452
179.96
186.16
185.749
223.995
167.175
162.292
162.054
188.348
169.767
182.161
177.474
165.49
164.973
180.716
175.301
159.518
154.55
172.509
165.793
179.884
177.959
178.356
218.88
180.05
192.886
168.778
187.119
169.492
181.231
192.456
183.125
182.488
180.205
184.228
179.549
151.082
167.333
174.303
185.379
189.27
152.163
194.543
172.53
171.639
191.236
168.033
186.452
191.272
195.448
160.264
167.233
175.353
180.663
188.103
179.052
180.12
163.469
189.605
190.927
201.096
166.774
170.749
164.321
144.013
163.643
177.914
180.762
182.413
175.804
179.395
198.212
182.861
189.795
187.825
175.116
201.444
146.128
177.533
199.927
190.33
163.592
177.24
188.746
163.92
180.979
176.436
176.941
200.881
167.501
178.743
173.269
189.281
158.53
167.412
195.21
178.201
188.335
167.782
166.519
161.223
170.473
182.258
164.159
172.349
196.558
178.052
186.275
199.021
155.795
192.076
178.977
188.324
179.177
176.48
164.445
168.3
184.37
173.264
173.362
155.983
172.402
182.621
171.236
170.664
179.644
153.547
188.503
192.413
190.276
190.889
171.934
171.308
158.727
178.349
179.736
176.432
168.384
171.173
165.215
184.778
165.742
194.265
187.657
164.597
191.351
181.11
158.771
180.021
167.466
184.858
182.686
188.032
170.396
167.905
182.911
205.344
163.575
185.084
177.123
183.246
171.748
187.367
186.002
177.325
170.49
179.534
196.131
186.152
176.843
173.723
171.505
173.877
199.014
174.597
184.769
172.886
176.263
183.836
173.252
183.611
167.473
178.828
199.159
203.695
167.98
181.254
185.479
203.644
168.842
170.848
179.326
163.265
223.21
174.491
159.613
195.329
189.927
184.972
210.082
186.202
185.596
174.508
161.202
172.674
178.869
163.289
154.257
172.408
178.184
179.474
173.022
159.052
175.153
186.457
188.081
204.662
181.727
192.982
152.049
199.619
180.843
185.055
181.162
173.567
195.527
229.391
192.561
184.839
179.997
186.204
170.497
174.103
177.583
188.288
167.242
196.252
179.456
183.617
171.75
169.812
175.483
191.755
153.644
152.585
180.735
179.183
163.182
193.822
155.253
169.419
189.661
180.293
181.862
167.734
185.228
175.969
181.948
179.71
162.498
175.573
201.325
187.329
187.134
177.26
174.612
147.844
184.885
177.152
177.205
173.024
151.299
178.481
177.297
177.882
192.778
175.314
190.627
150.216
179.383
180.899
170.179
188.775
164.925
179.526
178.376
176.382
184.211
171.246
193.049
185.856
181.105
195.828
188.612
172.052
174.833
184.043
202.052
146.997
199.395
174.254
190.444
202.963
189.142
191.321
192.301
193.383
181.461
162.599
179.225
157.397
186.012
183.431
172.689
191.332
187.25
194.114
180.971
175.628
167.879
185.179
163.836
201.171
180.064
174.261
195.432
189.628
186.624
181.898
186.655
191.116
177.876
184.745
179.604
170.552
160.975
180.337
178.599
196.851
192.916
181.348
197.82
166.138
194.766
167.494
175.284
179.352
175.406
185.103
176.747
186.451
163.499
181.298
174.253
182.002
167.891
186.791
162.53
186.421
160.617
151.988
182.609
189.675
174.301
186.832
210.771
167.626
173.377
197.103
197.717
183.592
147.273
198.886
195.375
188.444
192.187
176.42
183.701
165.618
186.517
180.967
173.743
181.867
176.126
192.425
180.363
185.228
192.975
195.214
188.143
171.547
162.41
197.56
182.549
150.198
173.915
171.237
192.551
204.932
179.396
167.561
187.845
176.408
175.898
185.573
183.708
174.377
174.139
203.304
169.57
193.035
189.013
188.437
187.808
189.327
192.59
202.038
173.57
179.207
187.294
180.715
189.342
172.541
177.712
194.354
178.547
184.665
176.943
163.835
173.611
191.179
201.906
163.657
198.807
179.397
184.676
180.931
186.144
176.147
158.897
200.777
190.13
188.006
185.818
188.419
170.787
181.198
177.237
195.056
181.597
211.524
194.272
177.457
161.798
189.684
192.69
189.742
176.009
175.213
175.478
183.599
198.986
182.934
198.358
192.283
174.311
162.857
154.784
174.96
167.364
173.178
161.124
164.456
165.896
182.073
177.264
179.045
201.311
178.701
183.888
173.373
179.185
191.378
166.155
178.882
189.796
180.023
171.216
184.824
188.655
154.762
198.01
185.016
188.65
187.788
157.898
163.776
185.195
167.38
169.257
181.08
188.963
187.042
184.162
169.33
187.982
173.873
184.932
184.709
164.765
206.248
182.685
205.036
178.102
191.134
163.618
183.483
173.739
160.111
195.083
163.175
173.012
202.308
189.206
198.053
185.648
171.705
187.188
196.573
191.409
186.829
161.424
181.334
185.09
179.179
179.15
157.94
178.148
193.932
160.297
164.73
167.374
170.758
182.709
202.667
167.239
188.686
195.997
172.439
169.586
193.331
194.969
185.969
192.627
206.39
194.124
184.354
182.872
167.287
195.156
201.097
157.641
163.064
179.584
191.281
180.684
195.47
173.136
192.93
189.011
169.114
182.65
173.597
195.026
186.684
165.98
162.181
174.505
183.536
182.426
186.044
182.02
208.419
166.841
159.149
177.436
177.116
193.668
192.064
189.996
178.084
163.134
162.549
186.4
182.75
207.962
189.399
177.733
187.052
189.784
180.819
192.901
179.915
187.25
183.183
180.406
171.478
177.641
188.127
176.408
191.148
178.24
202.182
165.599
183.604
162.614
153.355
186.302
169.171
161.107
196.886
165.876
202.281
192.633
195.055
171.895
181.756
197.277
181.583
174.858
194.401
160.972
179.341
152.272
147.146
195.878
182.091
170.953
203.251
185.215
150.871
179.788
173.098
200.293
176.748
167.018
198.936
185.357
191.678
191.203
196.802
185.315
176.427
179.595
174.765
194.71
180.353
194.356
179.138
179.381
187.905
196.889
173.172
176.346
173.54
176.618
153.288
211.119
167.381
178.506
208.895
168.827
188.218
169.382
177.845
174.871
176.214
161.271
173.485
174.997
182.156
178.105
168.902
188.072
183.475
187.683
188.428
184.128
171.812
198.836
184.175
179.598
165.381
182.165
182.506
180.566
192.829
166.453
182.833
157.258
173.442
186.194
183.239
162.893
181.226
171.384
209.254
179.919
175.638
201.394
170.155
175.232
161.266
170.923
157.765
189.036
163.96
195.413
181.818
192.392
184.751
184.708
164.832
181.474
172.652
166.711
173.874
204.393
185.729
188.259
176.378
165.226
173.8
199.671
180.937
176.418
198.094
202.586
181.844
194.295
163.458
180.814
154.482
162.628
200.214
180.645
200.25
175.12
173.916
193.767
194.576
158.771
185.254
159.186
164.669
180.356
173.715
178.151
195.006
174.526
198.476
177.971
182.923
176.975
186.515
176.394
184.825
185.838
173.264
210.607
175.549
180.166
185.731
146.434
187.422
164.451
173.493
188.343
182.594
157.942
183.571
183.229
179.417
190.425
185.664
171.197
181.614
177.68
179.98
181.05
178.232
179.179
178.702
182.068
190.8
191.014
187.629
200.374
161.904
179.374
182.917
186.988
162.94
191.432
198.616
181.256
161.375
183.068
197.991
186.816
188.697
183.293
171.116
160.817
170.347
194.867
185.441
197.752
173.637
176.883
192.7
169.878
147.531
162.17
184.013
175.417
201.656
180.375
165.132
188.257
186.944
175.911
179.02
191.005
167.459
167.134
185.034
178.812
203.178
176.082
178.518
173.23
182.878
173.679
188.398
194.656
173.072
157.243
163.838
178.646
164.884
166.299
163.469
179.997
166.473
197.748
169.388
196.582
147.022
197.354
167.997
176.017
180.423
172.911
201.334
184.786
198.506
167.347
183.71
161.049
185.067
192.204
170.147
182.238
167.222
181.483
180.727
209.891
198.103
189.944
179.945
197.223
178.483
195.411
166.747
167.47
169.024
177.972
164.973
181.252
180.056
187.943
166.138
205.928
179.789
191.629
192.598
195.437
191.035
195.238
186.2
185.133
199.899
194.759
198.2
159.005
173.771
174.351
188.478
170.964
178.238
175.062
161.045
171.99
164.961
181.394
189.837
201.379
182.111
175.605
179.432
186.088
165.827
165.597
179.945
188.046
199.244
180.172
180.877
182.383
162.169
168.864
168.774
199.872
153.845
146.318
178.012
158.738
175.706
170.116
180.099
173.659
179.764
184.16
170.953
178.366
183.326
190.292
179.805
170.352
186.969
166.528
174.474
180.538
187.649
169.331
183.549
176.209
171.525
189.099
193.726
170.105
193.352
181.478
191.408
198.082
173.216
155.951
188.364
178.542
190.582
188.457
180.424
175.967
187.787
182.963
189.208
191.35
165.38
170.611
196.863
204.031
163.724
166.704
163.348
175.365
161.705
155.347
203.725
159.419
166.493
187.124
188.611
185.616
181.807
168.922
181.862
186.673
173.075
189.461
168.804
199.368
189.314
193.643
181.382
175.99
171.618
186.536
183.371
162.987
193.203
199.653
176.68
179.235
205.056
173.538
182.361
188.103
183.357
187.407
168.302
194.891
179.481
186.739
182.172
189.714
175.405
196.436
184.131
198.384
189.182
152.393
172.76
185.64
179.4
160.592
152.337
178.238
193.382
181.289
185.825
167.793
191.829
206.615
171.063
196.859
178.861
188.657
187.979
169.16
171.07
172.319
175.375
190.526
175.742
161.931
179.621
159.375
191.386
178.09
179.036
160.083
196.227
197.676
164.341
175.917
177.92
197.992
187.716
172.959
170.601
193.6
186.556
187.247
171.941
182.541
177.464
193.851
191.851
166.338
182.515
178.249
181.212
167.589
181.51
183.75
170.857
197.96
152.914
166.721
180.962
189.73
171.144
169.109
166.511
177.804
192.168
171.57
179.947
196.562
176.959
190.507
170.649
164.354
173.292
187.417
183.385
177.547
184.627
172.447
168.038
168.821
193.298
191.052
202.049
160.356
177.814
166.483
190.097
176.893
193.024
198.966
190.474
168.389
189.335
183.607
175.902
186.505
173.632
188.136
170.749
178.295
162.427
201.411
184.944
176.66
193.321
181.376
200.947
172.882
183.675
174.938
182.763
169.722
188.182
191.159
180.912
192.166
191.311
186.113
165.184
161.171
184.506
184.703
190.276
179.273
185.924
200.666
189.497
168.948
187.893
168.599
164.893
175.834
197.769
173.264
194.124
197.479
191.54
198.978
166.144
178.647
185.571
201.137
182.004
181.734
180.795
172.374
182.507
180.388
195.478
170.54
166.354
185.939
172.187
154.636
166.359
169.718
173.515
158.301
193.326
154.34
163.759
210.062
170.106
149.519
170.996
167.554
189.8
178.134
186.323
192.063
191.861
188.679
172.207
175.051
188.315
186.011
184.623
157.102
183.127
180.935
203.385
174.889
146.823
168.111
188.008
189.55
203.694
159.931
188.139
182.295
185.914
180.795
173.648
171.684
177.559
188.514
152.931
176.605
169.029
207.109
176.679
190.056
180.5
187.806
194.797
203.107
177.373
170.791
173.077
179.353
209.409
198.374
187.59
174.394
200.876
169.098
170.183
187.849
174.495
177.909
187.905
182.848
186.765
179.014
184.913
189.481
160.991
178.016
174.878
200.188
178.645
179.678
185.989
164.226
180.234
189.009
169.223
195.724
172.323
169.122
181.597
168.518
188.771
201.0
179.653
182.349
168.792
191.36
177.526
169.918
180.994
181.118
181.104
177.956
151.511
199.775
181.844
179.811
178.431
200.0
189.467
182.38
197.163
188.268
166.257
174.809
180.417
166.749
173.963
191.684
192.866
173.485
166.154
173.089
189.949
165.643
178.464
153.926
185.18
188.107
173.123
170.398
158.676
160.793
164.402
199.146
186.863
182.283
163.289
190.802
191.884
181.577
172.784
191.583
152.088
169.801
169.505
220.081
158.97
195.867
180.69
173.18
183.458
178.127
163.929
170.587
159.535
181.16
159.01
173.208
180.963
178.715
186.733
180.875
192.514
181.009
151.951
163.494
181.969
176.247
192.002
159.992
174.161
195.101
180.217
196.84
170.152
189.71
183.369
168.508
173.272
180.877
174.545
174.532
164.532
185.836
177.298
167.716
194.27
154.248
176.457
185.336
152.522
172.202
166.017
175.493
177.356
198.5
162.809
187.513
180.151
169.649
165.518
200.467
198.69
173.299
192.669
186.077
175.573
200.158
174.978
165.655
188.269
193.838
188.684
171.185
205.605
182.587
194.409
180.114
167.4
206.518
173.937
184.599
173.909
185.973
180.946
159.614
181.234
217.755
168.149
165.294
169.603
158.733
169.321
201.234
163.343
159.143
177.402
191.205
218.924
159.459
180.138
196.515
167.54
168.121
186.237
202.879
180.611
187.432
173.332
167.739
169.717
172.929
162.259
191.974
177.657
172.681
178.76
170.688
168.409
189.334
179.092
177.07
185.466
160.49
201.97
177.3
198.431
178.667
184.497
193.623
178.069
195.538
184.583
173.384
216.087
170.368
168.123
162.908
179.064
203.578
180.837
173.347
168.916
166.759
186.512
180.053
184.036
195.087
184.995
207.445
183.746
185.196
156.428
167.332
166.478
162.652
180.191
176.408
156.062
203.677
198.19
174.128
175.229
172.011
200.708
169.597
175.217
203.049
203.076
174.087
200.44
159.633
201.21
175.05
176.507
186.161
164.106
175.481
180.415
171.183
175.992
184.275
178.088
175.952
174.588
162.407
187.041
172.42
180.812
195.813
186.6
189.718
180.217
161.198
182.906
182.089
159.874
197.479
168.276
224.608
177.137
180.886
184.971
181.595
166.144
192.888
187.58
183.898
179.753
176.024
200.56
181.616
168.01
172.028
164.513
176.523
203.203
185.186
165.312
166.097
180.703
186.399
196.614
173.898
176.936
170.447
184.074
189.246
185.824
173.076
193.74
167.036
181.547
185.947
166.386
194.086
184.647
187.781
185.266
191.617
179.29
176.766
176.222
156.01
186.85
164.771
167.149
181.976
182.38
166.134
188.119
179.979
182.341
187.792
170.465
163.672
197.655
174.526
172.742
180.315
181.802
164.734
200.464
201.095
184.36
188.857
205.397
180.331
189.919
161.341
192.101
173.367
193.517
176.073
157.301
175.702
186.121
186.572
179.498
174.648
178.95
172.014
175.009
170.842
192.031
176.855
167.598
173.847
183.988
181.671
159.829
182.879
195.049
184.275
169.092
171.349
165.054
186.16
160.6
192.079
204.634
180.345
165.561
198.522
173.513
172.016
171.967
166.141
184.95
171.115
185.77
172.603
174.055
190.581
173.406
188.85
185.468
190.834
174.281
190.274
167.199
197.982
162.073
176.884
178.932
178.008
178.061
166.643
185.272
160.484
176.036
191.752
170.592
195.663
177.612
161.543
188.315
208.418
168.864
155.367
190.093
179.221
157.467
165.48
179.143
165.071
166.886
180.608
167.976
190.768
189.543
180.866
170.036
164.051
174.505
187.663
165.82
160.265
176.614
179.069
194.031
157.904
187.955
171.668
202.858
193.151
180.68
187.768
179.646
177.535
172.772
182.549
163.579
163.247
169.685
186.114
180.848
171.812
178.0
209.187
183.542
187.9
172.696
180.564
161.183
171.116
162.427
205.388
185.109
178.651
171.209
142.244
165.879
188.575
193.572
182.349
178.818
179.654
179.24
179.104
189.682
162.739
177.37
186.494
161.488
191.646
191.057
189.585
196.372
190.949
188.248
150.455
177.615
174.405
175.85
175.453
180.856
165.734
179.713
186.42
164.533
163.555
169.835
158.116
193.766
185.816
180.84
184.391
184.729
178.421
163.883
190.227
152.123
158.839
188.886
190.225
164.062
187.072
170.726
190.425
186.901
178.476
185.866
194.445
181.495
180.457
193.16
195.594
176.839
175.718
180.326
183.525
194.437
180.472
187.001
191.837
173.37
201.389
163.646
193.333
171.765
166.587
166.078
173.329
185.152
182.242
163.477
188.923
193.28
177.514
163.216
162.053
178.436
174.367
198.366
188.977
174.089
190.297
183.613
167.246
184.888
185.511
193.278
180.654
180.594
186.944
166.973
177.915
178.579
191.714
174.271
178.373
187.173
160.2
179.961
188.641
181.721
186.872
183.454
172.963
197.845
146.611
190.644
169.724
193.872
171.298
164.15
169.769
181.939
187.25
166.196
160.655
166.615
169.41
163.237
189.965
188.817
172.2
181.079
174.758
194.087
192.433
186.232
186.759
184.685
175.217
159.586
176.152
151.559
202.969
171.202
194.195
183.967
185.889
175.34
191.602
201.831
185.967
187.554
173.584
164.878
172.743
172.829
177.015
189.203
184.037
159.318
176.485
180.31
193.745
178.133
195.581
183.05
192.123
182.713
174.806
169.44
187.594
182.632
173.18
172.746
170.532
185.967
174.595
175.166
182.958
186.167
176.92
171.932
154.192
195.089
195.683
165.649
153.613
186.798
199.318
159.039
189.263
188.245
186.742
185.278
187.756
163.464
168.301
195.025
175.791
174.289
162.961
169.199
189.632
163.551
184.408
187.893
180.701
185.932
167.038
166.568
180.341
180.686
181.654
185.294
191.262
187.472
175.71
192.929
149.47
200.192
159.639
198.61
184.605
187.138
163.145
158.336
173.853
174.527
187.848
163.143
175.979
175.007
171.317
174.527
172.512
199.774
190.421
175.865
188.53
172.933
170.5
180.471
169.267
175.025
183.684
156.618
156.199
178.396
182.65
157.55
177.207
168.089
183.136
176.648
185.369
188.091
151.635
182.482
169.163
188.884
175.249
210.395
152.579
181.265
179.073
185.769
184.015
178.704
174.939
168.048
176.171
167.088
169.017
187.847
179.416
173.789
178.943
182.586
176.308
191.972
168.439
179.139
175.603
165.569
167.418
195.328
174.027
181.92
179.653
211.111
180.355
196.099
159.277
170.466
156.947
178.869
184.466
191.456
185.832
181.408
179.046
177.783
193.833
181.348
189.358
168.25
183.873
175.909
165.096
195.926
165.82
165.608
201.156
192.313
178.675
202.415
190.032
177.571
205.332
179.11
163.254
166.415
193.489
185.334
179.612
175.797
159.1
188.232
175.24
213.982
193.347
197.685
174.937
167.079
164.276
183.039
176.393
172.683
182.143
201.064
199.329
178.436
195.154
173.774
166.74
170.741
189.938
181.075
178.681
171.473
198.876
170.84
159.287
177.226
185.956
178.366
188.936
152.056
173.098
180.487
164.842
181.985
198.162
162.479
167.639
179.454
164.184
187.292
177.288
161.259
196.399
186.498
182.122
182.134
179.073
186.765
177.034
165.667
176.485
166.216
172.625
175.854
174.597
183.006
182.321
188.783
188.596
157.539
161.344
190.572
173.929
169.718
190.71
177.924
185.273
195.337
192.633
180.309
176.659
207.245
180.591
154.441
200.842
168.46
174.139
171.949
163.46
194.237
176.313
174.987
168.368
164.531
159.881
165.976
200.65
180.522
183.625
184.305
195.298
187.248
187.274
169.607
184.147
175.006
163.145
171.692
176.621
174.692
190.469
178.9
183.48
163.028
189.164
194.998
160.096
211.722
159.83
192.235
198.704
172.714
204.037
166.554
184.835
182.218
194.227
199.418
163.002
175.094
193.232
186.719
192.627
178.13
185.422
184.251
180.538
172.287
174.49
192.36
177.866
180.036
196.178
186.108
191.181
170.281
162.554
173.129
159.252
182.481
186.145
183.227
208.335
198.129
154.564
190.895
197.825
189.392
178.089
193.558
172.716
197.934
174.414
175.843
178.583
187.139
190.845
191.172
176.163
185.414
184.298
155.497
185.31
182.497
193.027
185.018
187.909
170.364
166.753
190.363
181.762
169.55
168.744
170.823
171.025
205.107
194.231
153.228
153.663
165.567
170.945
178.303
192.092
174.789
189.038
178.233
218.105
188.936
195.005
176.668
151.246
191.452
173.23
178.775
181.191
172.12
157.276
186.08
180.855
167.365
160.333
176.67
194.415
165.109
182.627
187.242
172.541
180.239
174.29
169.272
199.087
190.48
179.886
174.401
171.782
169.598
168.462
174.064
164.102
186.667
188.254
178.735
201.32
170.785
184.314
174.554
171.266
194.426
167.14
181.318
164.357
163.532
198.077
193.867
185.919
165.973
185.781
196.035
184.644
162.37
187.056
185.03
166.106
184.608
158.557
163.158
195.199
189.045
171.039
181.339
191.637
166.217
172.192
175.345
170.071
162.432
194.647
187.234
176.217
162.561
197.546
171.92
159.568
154.721
190.165
177.457
175.645
173.174
181.906
170.738
167.061
174.631
174.011
191.224
180.11
173.112
191.132
192.095
162.602
180.907
183.067
177.397
150.573
174.417
183.951
170.438
180.315
186.994
157.986
192.482
187.141
176.736
166.861
167.927
176.638
177.675
172.557
168.711
173.408
145.735
198.873
188.099
172.374
184.031
169.6
176.35
173.768
185.95
163.128
177.978
177.93
209.899
174.178
167.076
175.543
168.708
180.443
180.316
177.536
162.436
184.823
184.028
176.736
189.824
186.333
183.366
182.429
208.4
181.724
170.204
166.144
187.709
174.359
197.74
171.142
164.783
189.268
168.63
180.395
185.628
192.482
188.412
187.437
160.407
163.201
157.549
196.577
183.004
190.38
184.218
180.019
154.817
180.074
201.181
163.931
175.346
196.757
199.936
187.375
186.513
189.51
182.948
181.296
183.748
182.889
194.717
181.141
194.42
161.107
179.092
162.556
207.616
178.831
161.959
185.469
197.812
179.785
193.714
174.167
175.977
185.421
176.785
190.438
197.289
171.698
170.81
160.225
189.94
180.453
182.144
186.546
173.752
154.421
189.017
168.742
173.734
181.476
188.191
189.687
173.368
196.953
167.979
200.796
182.419
166.892
188.683
172.191
176.54
167.563
187.64
175.442
161.883
184.426
183.544
196.096
164.631
174.283
166.515
180.46
166.778
169.798
176.431
185.547
177.327
191.769
178.135
174.63
176.012
180.013
195.915
195.358
181.381
168.285
158.046
170.628
186.314
157.354
169.015
167.611
182.121
174.591
180.356
188.795
182.243
181.948
195.053
171.582
191.894
201.645
176.722
168.624
183.43
176.52
188.125
167.109
165.598
173.471
195.478
176.77
188.186
181.185
184.019
146.234
181.61
190.789
184.69
186.107
175.145
183.125
189.907
170.411
174.825
186.941
180.396
201.57
189.584
179.435
189.229
175.155
175.462
162.529
189.287
194.474
171.741
150.518
186.156
153.221
192.983
192.339
179.715
177.486
172.725
191.034
181.957
168.705
187.425
175.106
196.182
186.357
195.56
162.561
169.801
169.945
177.008
172.987
160.412
184.37
169.921
177.72
197.453
174.258
201.144
171.878
180.48
170.401
173.059
179.862
170.606
185.345
170.619
176.323
165.592
170.422
171.101
192.614
205.983
167.683
200.698
205.499
180.194
166.355
213.387
179.8
175.237
186.412
186.315
187.114
171.611
172.853
185.794
179.573
177.966
175.248
198.511
199.956
181.772
190.351
177.435
202.963
175.784
172.244
178.005
189.408
161.155
184.915
186.125
167.914
174.449
168.333
143.999
180.672
163.19
172.937
172.834
181.126
177.236
157.157
182.483
181.674
184.359
187.237
206.846
182.461
184.192
179.748
155.816
181.044
168.622
165.434
156.171
152.037
173.173
181.305
174.177
153.133
191.799
188.432
168.731
180.504
176.573
190.88
181.813
200.145
177.591
148.394
187.12
146.447
192.169
178.678
189.789
165.875
177.412
164.114
176.422
206.253
170.484
164.154
169.899
206.191
185.246
179.138
199.787
178.213
156.693
185.69
180.211
180.927
199.774
165.617
178.1
165.355
178.245
168.449
178.088
159.448
201.778
190.567
180.498
182.575
179.662
192.432
188.383
204.912
178.065
173.12
186.14
198.534
176.077
179.56
186.731
198.416
163.569
193.526
179.533
176.406
175.104
182.482
205.951
196.89
175.961
197.853
188.375
191.41
177.352
169.072
187.804
206.131
144.929
172.439
181.969
194.305
185.522
192.5
192.231
196.492
179.362
158.336
185.967
182.15
185.426
184.268
185.548
174.217
185.178
194.221
215.13
169.291
182.764
185.159
177.007
158.568
180.317
204.655
178.111
176.075
196.123
200.378
183.591
192.172
169.5
173.792
183.784
203.81
193.1
188.151
171.632
188.824
183.125
186.195
196.77
165.834
199.592
183.815
170.001
166.777
167.541
188.989
169.153
177.569
172.669
175.872
187.852
181.227
179.205
164.118
158.359
179.239
162.249
174.52
179.527
161.65
178.919
184.344
204.307
173.422
176.296
187.704
194.685
174.071
179.374
185.085
180.505
188.513
181.034
179.25
182.238
172.342
156.127
177.701
183.455
189.648
161.222
179.389
188.804
157.431
180.266
183.787
200.248
193.834
183.328
169.254
185.579
174.409
179.75
159.858
181.785
187.534
180.98
195.243
175.533
179.783
176.552
187.067
174.027
191.419
164.067
174.621
188.066
173.465
184.997
181.712
171.58
169.499
164.306
143.168
174.572
181.675
197.475
180.402
172.786
162.086
171.858
189.842
193.341
173.259
180.615
170.926
182.361
157.778
178.558
185.312
173.871
173.44
178.44
157.703
188.416
168.422
188.636
159.424
177.973
187.028
166.939
179.957
205.911
179.538
156.086
189.249
199.62
169.211
170.077
174.313
186.911
176.001
162.06
192.751
180.314
178.995
189.886
172.551
208.884
193.38
190.267
160.24
149.484
175.042
163.654
173.145
174.108
166.163
187.347
185.988
172.931
202.52
196.527
192.938
171.721
169.703
195.408
177.443
206.192
198.484
191.752
191.932
185.113
196.524
191.55
179.293
182.649
168.465
181.226
193.633
179.95
180.837
179.149
195.636
176.719
175.283
164.403
166.343
193.715
156.316
184.599
183.477
181.523
161.008
185.888
170.344
184.679
172.735
168.877
175.736
178.266
190.071
154.191
170.515
167.246
192.435
198.877
194.437
177.813
196.753
197.676
182.569
176.276
187.144
189.565
199.771
174.611
194.707
184.122
173.302
163.968
166.466
139.181
201.216
173.286
186.314
210.667
168.558
185.385
152.622
179.289
184.106
185.523
192.017
186.894
180.627
179.368
191.739
190.859
185.718
166.412
184.637
182.903
187.687
189.14
183.536
184.065
169.288
159.421
180.39
198.925
186.876
183.029
210.231
182.516
179.073
184.54
170.267
169.125
196.529
168.86
157.453
182.469
180.835
166.521
180.933
182.509
151.454
191.908
184.25
159.747
169.975
171.698
173.244
174.265
171.813
186.382
189.791
175.661
175.0
177.492
182.491
185.867
195.771
201.478
184.859
188.587
178.712
154.457
177.559
196.04
185.447
203.269
193.071
174.355
198.835
169.455
179.953
177.999
174.335
153.408
192.21
179.268
159.951
189.096
192.571
171.708
192.704
179.735
196.592
175.769
172.585
187.321
199.214
193.533
188.009
171.099
181.069
168.954
173.905
177.202
159.923
175.987
168.632
188.016
202.65
169.555
191.244
158.228
171.14
178.81
158.236
167.159
177.484
168.606
189.732
180.75
175.839
154.286
183.551
175.337
184.604
184.604
164.087
184.547
179.801
166.997
187.876
170.42
171.372
172.756
171.313
180.894
166.247
169.65
184.429
179.21
184.455
205.065
191.727
190.013
189.573
203.553
184.708
198.981
172.698
178.083
164.102
197.64
162.348
174.142
177.852
161.872
177.979
200.685
175.503
192.07
158.028
182.971
191.709
180.641
173.529
170.25
181.722
180.169
173.261
183.086
178.577
189.248
166.331
168.051
171.462
176.934
187.603
153.817
181.735
193.175
178.745
190.455
182.235
188.541
162.313
186.981
165.15
175.463
195.933
171.073
173.253
176.668
200.646
161.931
174.038
197.361
171.03
170.943
175.355
197.458
169.277
170.255
184.048
159.91
172.119
170.032
174.41
193.677
171.223
189.9
187.568
192.382
175.839
163.352
183.744
152.377
200.577
190.904
179.932
180.15
194.146
166.678
196.991
161.782
181.049
187.684
183.916
193.077
181.836
166.897
191.681
170.61
179.874
173.254
186.161
171.214
184.031
181.798
201.702
172.807
198.001
181.673
165.409
173.082
176.544
183.361
189.581
178.928
173.14
191.014
181.913
171.625
186.176
184.461
166.332
186.467
175.488
163.868
161.398
171.034
167.508
173.171
187.015
179.683
183.556
171.649
189.526
170.754
174.036
156.085
187.893
166.035
186.664
165.15
164.219
171.597
165.952
191.54
185.718
178.428
142.015
191.881
187.784
167.984
182.097
161.381
165.485
188.91
174.606
184.715
153.886
186.951
160.09
185.505
204.686
172.983
188.942
168.249
189.732
181.11
194.422
172.796
178.274
186.332
168.651
181.229
182.731
176.977
160.55
187.155
159.57
170.592
171.191
186.054
171.911
180.801
141.215
170.071
188.102
185.174
178.187
181.187
180.7
179.302
187.474
180.914
164.716
181.759
173.572
169.128
159.647
195.73
168.845
168.987
204.192
200.081
203.083
183.302
165.035
193.391
188.25
188.729
203.246
179.068
167.172
192.407
191.71
186.731
185.261
170.784
173.758
171.151
175.163
171.206
180.849
161.483
198.592
186.297
179.617
189.417
176.919
186.246
176.655
196.755
168.834
194.843
189.876
178.622
185.326
179.357
180.047
181.464
188.014
174.704
186.274
174.719
187.697
190.305
185.242
194.271
195.712
173.47
178.304
189.142
191.164
174.273
175.008
176.628
180.636
180.092
174.001
184.073
179.106
201.163
176.457
191.855
185.912
188.694
174.834
169.608
163.306
176.96
171.949
161.009
189.262
177.433
158.573
192.806
175.363
161.687
189.757
160.11
167.166
191.008
183.892
182.325
199.414
168.832
188.014
156.536
167.062
178.465
185.428
192.581
195.323
166.868
183.03
178.196
186.248
169.012
167.274
179.614
169.705
177.956
192.247
200.709
174.463
184.827
198.348
184.519
187.105
197.535
190.847
187.315
163.615
172.687
191.138
170.116
176.577
190.704
176.578
176.85
167.664
179.408
159.871
179.103
187.192
174.164
171.719
173.919
181.299
163.299
186.488
188.13
187.22
173.67
180.467
204.072
173.774
181.142
175.352
185.487
186.729
186.865
174.262
176.797
177.381
189.817
195.432
159.585
175.758
206.334
167.194
165.049
190.778
176.643
171.904
198.213
177.742
184.59
177.937
165.502
198.119
195.599
195.249
166.404
198.425
198.712
165.463
162.263
166.791
174.502
185.882
187.287
189.103
189.149
162.326
194.452
155.944
171.861
201.545
167.484
173.277
191.443
179.899
195.363
183.151
188.13
162.6
207.788
164.041
188.482
165.189
160.026
159.353
166.0
175.827
181.769
181.842
171.99
193.496
168.46
180.399
204.305
189.891
174.592
164.818
174.322
193.959
198.701
181.687
171.133
151.359
166.778
172.224
177.24
188.623
175.935
188.499
181.089
164.972
177.231
172.278
193.189
185.54
202.955
161.033
203.791
193.548
185.641
184.863
189.835
177.854
176.988
182.327
181.654
201.492
187.132
173.862
210.374
191.525
191.686
185.267
159.757
156.942
180.511
168.798
183.891
158.784
203.782
174.044
186.223
178.627
189.82
176.787
181.949
183.176
162.715
168.241
187.066
184.231
174.42
191.398
181.073
171.855
142.334
174.047
159.803
171.292
204.038
173.282
171.959
185.272
187.95
176.245
179.397
171.037
173.708
177.999
172.143
156.938
191.953
194.641
183.561
183.846
204.47
180.709
192.653
176.936
188.423
197.121
178.953
178.527
174.157
178.77
184.881
182.633
166.836
161.504
158.453
187.613
172.631
170.928
179.5
170.07
185.444
179.294
174.088
180.902
218.441
186.193
170.935
183.978
163.783
177.927
190.507
177.475
188.028
186.979
184.397
184.25
171.959
146.189
152.532
188.263
206.8
188.062
177.83
184.71
185.877
161.976
179.66
170.717
184.883
172.552
183.7
186.018
164.404
148.6
174.563
188.227
192.5
178.768
183.139
173.473
189.266
186.296
171.573
189.643
169.542
199.42
201.153
176.567
195.587
201.352
182.105
163.591
174.4
183.105
196.481
174.167
209.47
204.223
189.376
189.78
175.85
195.123
190.606
196.045
182.559
180.262
201.004
155.457
180.929
170.564
191.597
181.507
196.497
176.929
190.738
183.441
183.788
175.994
170.932
172.511
172.089
192.073
182.621
164.847
195.868
172.761
184.64
181.844
179.811
192.632
168.907
181.511
187.684
184.137
191.826
154.088
169.053
174.114
178.99
177.636
171.209
192.791
187.5
157.084
190.649
176.842
178.827
184.356
171.718
181.186
182.899
166.417
156.901
162.463
163.868
176.27
186.114
191.325
179.068
174.256
186.83
195.507
161.386
184.273
180.245
182.455
169.627
180.799
157.012
189.131
179.773
185.261
177.172
172.494
171.505
160.841
205.29
173.016
184.251
189.13
168.95
182.34
195.558
202.888
158.995
190.768
161.008
186.029
188.347
175.842
179.333
178.298
174.786
173.586
192.716
179.337
185.563
174.155
176.39
179.413
181.015
165.302
166.844
162.595
183.609
187.185
159.8
159.104
182.232
185.684
198.836
174.875
180.939
194.429
191.962
168.337
159.224
153.236
180.587
172.234
180.309
192.414
169.969
196.537
168.868
208.142
177.872
167.947
178.983
172.712
153.427
129.746
194.309
174.857
188.624
187.448
164.696
164.198
180.224
191.277
157.476
167.815
192.041
182.988
197.148
183.471
179.914
