169.97
143.756
165.054
168.774
161.138
152.429
191.644
146.514
199.55
180.154
167.743
184.781
201.917
170.927
174.092
187.059
182.242
165.166
175.614
164.63
174.622
150.962
174.376
177.191
182.055
180.736
159.08
166.338
192.168
166.447
194.851
157.238
198.323
194.987
181.009
165.743
155.61
160.659
187.769
169.956
194.277
177.705
172.607
176.555
172.734
196.469
137.8
169.912
177.192
164.438
153.784
184.42
174.747
166.516
56.6802
164.359
177.884
142.399
219.162
176.375
174.041
124.461
185.041
100.657
172.761
154.395
135.993
164.903
165.132
191.686
197.292
172.613
179.974
180.126
165.272
188.813
162.514
189.155
165.456
186.533
158.382
166.036
156.485
157.646
175.264
158.54
187.962
192.307
190.086
172.146
173.572
163.241
172.749
186.711
185.708
162.22
172.077
155.536
202.037
167.148
184.078
178.827
198.526
166.329
150.764
163.721
185.532
167.223
180.307
212.93
170.308
154.277
154.79
175.203
184.503
156.114
173.04
194.448
162.804
178.273
156.689
168.293
186.885
170.553
178.087
153.394
164.842
178.208
178.626
160.72
212.938
190.416
178.568
184.456
175.317
185.426
186.982
154.133
174.331
157.789
175.636
174.676
207.09
172.518
161.712
169.808
202.011
177.24
197.529
173.126
157.925
165.848
199.254
179.837
170.8
155.23
195.845
162.867
148.001
183.198
172.53
192.387
158.73
172.17
181.415
187.257
168.723
180.527
168.895
194.594
175.742
184.831
191.142
189.467
192.989
162.274
187.139
172.202
189.985
187.918
180.063
178.109
175.335
167.037
170.785
179.06
168.3
182.01
178.148
159.846
184.308
175.498
172.22
175.528
181.064
190.689
186.57
190.87
169.908
170.384
170.327
186.635
133.023
165.214
192.675
163.68
180.301
171.12
175.365
178.058
171.824
192.991
180.724
153.202
129.347
170.806
192.195
62.0483
180.56
166.14
161.101
181.516
163.127
169.758
171.122
182.645
214.922
173.852
189.03
176.999
163.543
207.749
171.209
167.618
162.672
189.344
179.926
185.97
186.336
158.884
177.631
189.31
169.914
184.956
169.762
187.747
193.46
158.454
191.795
154.82
169.497
150.27
173.171
181.259
191.088
170.033
176.115
172.71
180.472
144.202
164.943
197.505
187.118
168.462
165.076
165.518
192.458
171.722
167.143
152.029
168.403
175.558
192.09
161.806
173.024
182.809
188.916
199.404
168.158
182.051
171.834
169.226
185.593
178.6
185.039
149.406
162.051
163.863
169.211
175.93
163.253
158.813
173.116
188.785
162.492
166.747
161.763
194.805
163.789
157.842
122.529
183.784
195.952
186.861
177.004
176.895
155.378
166.385
173.383
191.0
180.441
160.85
177.105
179.083
202.629
164.962
170.724
175.854
174.38
203.672
182.102
174.91
189.409
184.255
181.058
173.603
171.091
194.361
161.025
186.584
177.084
179.111
171.943
157.737
185.169
194.875
183.308
175.341
150.979
162.965
166.221
175.821
172.758
170.865
182.73
172.403
183.886
164.693
213.212
164.769
185.959
172.757
175.518
159.309
177.546
173.624
175.5
182.01
153.923
172.076
177.929
177.773
178.754
174.304
171.37
186.159
169.79
170.886
169.79
187.014
188.292
183.934
177.587
154.994
172.185
158.336
151.193
176.316
181.904
162.796
160.438
172.783
164.621
176.266
164.638
167.522
149.296
180.635
176.962
176.569
201.89
171.24
175.825
175.413
191.034
161.906
179.488
189.762
154.682
203.825
169.296
164.065
179.73
164.584
181.727
179.44
161.857
188.123
183.474
183.656
198.669
149.155
151.964
174.984
195.852
158.772
160.496
159.703
173.032
158.938
167.799
148.897
173.098
152.46
133.797
143.03
156.941
145.691
152.595
170.494
191.93
183.883
176.42
193.259
183.096
177.43
177.055
178.334
166.984
182.396
185.818
195.029
176.241
187.52
187.139
165.165
187.256
176.791
187.282
189.227
164.057
165.933
178.262
182.148
174.969
165.867
189.104
170.568
172.574
191.837
185.463
190.491
178.838
165.068
161.181
185.034
188.366
157.888
167.601
167.378
149.867
164.606
159.576
187.708
145.764
173.674
183.926
188.196
186.654
190.153
182.462
184.983
172.283
173.535
147.258
175.395
201.898
163.004
156.105
166.684
194.354
179.119
164.193
188.186
184.544
162.977
158.902
187.616
182.711
160.441
173.313
159.049
156.953
165.959
177.436
182.495
192.747
174.431
178.484
192.522
176.672
199.784
179.333
180.274
173.792
196.938
183.237
163.161
200.355
180.654
179.26
187.05
179.916
162.709
163.884
164.895
183.163
176.44
179.961
198.838
164.763
190.117
177.01
187.214
189.329
181.398
185.516
188.358
185.018
160.967
185.3
179.673
153.216
173.024
161.921
178.439
162.736
180.108
171.794
179.253
190.048
172.66
167.623
178.351
166.677
191.132
49.8506
177.85
164.452
154.313
205.241
129.736
169.749
156.519
180.711
189.215
184.38
158.45
180.935
152.007
176.902
154.615
153.544
182.136
159.549
189.092
146.567
178.359
215.943
167.175
172.542
180.095
157.182
188.059
176.358
146.991
179.515
169.791
155.92
180.903
182.75
172.73
176.452
162.925
163.467
196.788
165.068
182.609
177.818
166.1
185.92
179.303
199.222
193.935
184.288
181.395
157.3
165.858
174.682
176.032
175.673
168.2
180.288
163.132
182.614
150.449
191.751
193.637
197.766
170.842
176.855
190.392
146.19
174.834
160.728
176.094
158.678
170.687
167.902
171.389
176.516
174.514
171.598
181.844
172.553
186.68
138.193
135.015
180.009
159.907
153.502
169.849
161.406
160.392
175.727
157.098
164.139
152.784
157.723
164.45
180.483
188.89
169.805
170.718
175.859
168.326
207.236
170.195
183.521
183.281
94.9721
192.888
170.851
183.889
178.42
200.347
212.103
194.772
159.421
181.631
182.816
195.193
145.769
182.502
163.415
176.99
162.147
151.63
178.326
159.175
181.001
182.047
156.615
186.344
179.091
179.331
188.76
147.624
175.725
191.828
186.419
190.034
186.0
183.285
164.736
178.319
170.575
179.886
168.921
175.096
174.64
163.431
161.73
183.541
195.286
204.24
148.727
183.617
203.276
173.025
177.83
175.259
165.82
166.335
200.557
164.939
169.836
172.023
177.368
171.442
176.734
181.922
185.327
164.239
186.748
168.645
199.045
207.144
180.334
187.963
168.148
163.141
186.152
178.841
187.337
158.645
174.47
169.685
164.144
207.804
156.663
167.58
166.38
190.361
166.071
215.425
190.972
151.783
174.901
184.368
181.231
165.964
168.252
132.611
197.833
196.21
165.06
174.797
178.804
174.825
161.94
171.075
179.042
170.534
150.64
171.68
166.275
166.912
154.165
176.312
172.556
185.382
172.338
162.879
196.777
170.365
108.835
170.899
141.503
207.467
172.617
183.378
208.309
188.174
160.741
170.864
174.122
166.196
175.763
173.031
164.342
182.17
185.229
166.97
175.403
203.197
189.859
175.823
163.086
172.659
160.904
169.888
165.846
170.323
185.592
190.992
189.901
190.356
172.45
165.579
182.353
173.374
159.655
167.378
161.722
185.421
157.182
201.762
168.951
166.017
166.806
157.634
171.992
194.039
176.589
187.385
180.565
188.691
159.295
161.889
192.308
161.608
183.853
172.383
163.92
170.051
178.177
175.483
170.635
179.977
160.751
174.041
165.941
178.912
170.27
180.775
188.416
150.14
162.466
189.338
163.916
150.935
169.942
174.869
151.59
178.247
182.3
159.581
186.28
174.641
186.454
153.499
166.882
168.29
89.2507
180.275
166.64
181.184
206.794
170.931
185.788
88.7619
176.037
186.731
145.254
185.027
147.266
178.604
152.837
162.154
183.785
144.279
183.993
168.993
173.906
184.152
169.556
171.663
204.381
166.584
175.516
164.18
161.664
180.382
170.019
177.423
162.803
175.658
171.653
176.706
173.985
168.289
176.978
170.902
193.655
173.402
188.925
195.224
169.939
121.729
176.985
157.957
173.019
163.65
156.905
175.589
168.641
184.351
154.143
196.592
163.571
175.204
154.495
188.243
185.582
183.302
163.906
188.119
175.933
178.728
143.497
188.801
191.292
171.119
174.197
179.657
159.422
178.784
188.05
186.029
196.799
185.076
206.928
166.066
185.294
140.638
152.333
189.5
169.99
167.412
170.563
198.993
184.471
163.488
171.845
178.809
148.694
196.418
184.887
176.42
158.081
172.97
189.403
175.117
194.539
170.922
170.221
169.411
173.689
193.027
180.361
183.463
164.972
154.35
174.027
180.42
183.702
181.547
178.715
162.146
166.806
168.72
153.464
177.606
172.688
171.943
177.641
173.671
158.269
163.167
158.332
156.333
197.094
172.42
175.893
186.544
164.999
169.954
195.007
175.711
157.326
157.291
191.836
180.243
149.367
184.668
197.78
207.172
149.183
163.08
176.963
180.272
201.292
192.37
171.143
148.71
156.439
176.678
186.841
194.452
184.527
189.367
192.16
187.506
149.161
182.657
206.852
172.98
150.232
170.53
189.234
193.158
187.983
142.389
204.549
194.639
144.014
147.087
174.71
156.77
174.651
139.169
185.824
144.173
182.7
168.066
198.492
177.401
150.729
114.7
180.246
161.568
162.702
187.048
165.054
176.556
200.895
184.799
201.535
195.295
172.051
179.369
197.124
158.17
187.66
158.879
179.091
213.951
155.068
200.877
160.84
196.133
199.765
188.532
73.9115
169.598
170.42
170.38
148.202
184.69
175.803
178.741
185.646
160.024
181.367
173.0
183.951
177.01
178.669
105.585
167.633
168.06
153.907
139.084
164.608
185.782
157.665
174.825
194.818
180.968
179.617
146.83
181.834
181.623
156.797
172.198
189.926
174.699
91.9731
195.969
175.538
145.518
175.594
160.993
159.403
172.254
164.461
176.795
191.779
164.407
178.421
193.956
175.543
171.423
186.219
161.774
197.943
161.781
171.628
175.198
185.337
173.827
172.077
185.288
165.572
193.505
165.715
186.16
211.399
144.724
196.043
170.136
155.401
169.842
168.106
152.872
149.961
181.405
148.283
191.55
189.508
175.705
173.307
183.545
160.621
138.801
168.264
176.748
175.68
172.889
188.28
155.83
179.338
197.527
189.531
168.24
203.149
205.401
130.974
208.468
160.817
157.286
187.294
187.6
183.106
161.742
165.874
172.012
161.538
157.74
178.671
195.317
170.816
163.296
154.679
185.562
181.244
189.733
174.643
182.543
204.295
179.546
162.444
172.902
192.671
173.881
164.007
149.016
179.447
186.878
178.586
183.829
160.227
190.574
159.365
191.866
161.637
81.1969
161.437
153.424
188.936
182.523
176.324
190.898
183.969
171.394
175.685
168.301
189.152
160.825
161.906
192.36
171.359
180.621
185.334
161.365
159.11
178.045
169.935
169.818
174.572
196.009
188.484
171.815
183.734
191.22
178.157
174.649
192.274
176.571
170.522
165.628
166.241
168.886
179.069
156.383
175.071
179.742
153.762
149.607
174.721
183.736
193.655
208.116
170.212
201.486
155.903
172.533
161.614
171.251
189.335
171.371
166.416
161.182
184.603
180.081
176.01
218.761
157.397
162.815
201.88
194.115
182.719
154.622
163.492
182.146
167.281
178.887
187.822
172.104
174.298
191.75
172.35
176.073
160.193
161.727
160.722
172.385
186.892
166.895
191.819
167.334
164.286
172.574
184.45
180.598
154.424
198.53
184.349
157.605
189.803
155.657
174.705
173.473
179.609
170.446
184.305
166.893
179.063
161.908
179.585
191.56
175.043
160.178
166.452
177.677
183.949
186.788
157.74
149.101
158.883
185.151
174.353
185.049
151.496
187.946
166.49
182.556
174.497
174.669
161.077
183.001
179.148
151.266
169.367
178.454
184.609
178.135
183.943
173.624
168.341
168.899
180.602
168.021
170.612
158.962
171.103
173.186
163.266
165.224
154.993
183.759
175.753
178.314
177.728
171.638
178.991
144.439
174.659
154.153
153.982
184.901
187.419
183.871
169.71
158.165
192.401
173.072
171.22
167.325
159.671
172.453
192.412
171.735
172.434
195.717
191.549
180.329
169.805
178.104
157.397
136.887
165.936
180.312
174.588
161.995
153.232
190.19
176.689
170.13
183.723
181.91
152.403
168.657
153.667
160.054
197.569
181.545
193.522
189.782
140.337
202.557
194.141
150.167
166.078
180.763
194.491
178.151
185.833
175.019
204.777
193.678
185.265
169.786
162.636
161.839
160.516
186.082
139.341
182.351
176.472
177.579
181.793
197.38
183.958
166.505
156.734
173.076
184.236
180.421
152.338
107.679
168.801
175.549
185.493
195.668
165.999
196.651
179.747
185.556
181.001
182.262
178.547
168.913
163.87
138.158
167.384
172.99
174.512
179.561
176.715
171.938
158.12
182.106
169.31
182.195
164.378
153.766
157.201
175.561
160.033
163.235
180.308
173.159
176.625
172.05
159.713
169.712
163.755
190.573
201.946
149.375
185.761
171.665
183.055
181.711
174.395
165.789
192.82
162.288
199.458
162.487
177.037
177.769
177.248
194.211
187.488
196.259
188.261
157.351
172.987
183.994
172.448
174.273
158.766
183.704
166.693
178.865
163.499
166.93
174.321
191.115
181.171
171.892
165.824
178.786
174.021
185.77
183.885
191.771
165.71
207.977
174.705
160.45
178.881
167.85
157.889
182.834
174.578
149.101
152.935
207.912
202.511
170.005
154.156
186.415
144.364
189.119
164.382
153.458
179.8
167.576
168.107
165.216
172.298
189.816
165.463
176.162
174.749
176.526
177.794
164.438
192.69
176.28
161.356
156.305
167.661
161.518
179.026
169.733
176.147
177.278
163.4
185.568
185.172
153.352
152.177
186.436
177.936
175.005
161.76
173.151
170.538
155.375
154.297
132.976
193.626
182.14
191.667
168.953
164.681
162.835
166.302
163.605
171.934
166.075
157.71
171.192
177.504
112.768
183.685
155.659
192.868
164.393
188.45
155.211
188.061
175.978
174.097
141.747
194.142
161.917
177.261
172.08
181.062
188.284
179.844
176.481
160.201
173.723
175.248
184.148
185.711
176.408
184.683
186.187
187.156
177.629
173.015
207.998
165.726
166.469
200.737
194.127
168.355
139.674
170.259
190.215
172.383
197.105
198.348
164.409
194.123
162.979
169.681
173.774
154.701
187.869
177.565
162.28
171.171
163.799
195.998
179.28
159.018
201.756
168.94
172.972
170.936
170.964
182.899
184.544
198.006
172.857
182.426
167.946
153.137
201.549
162.575
151.98
170.111
160.457
193.997
172.96
192.055
169.727
179.455
142.939
175.848
180.261
177.001
192.731
167.783
179.785
167.222
189.05
142.936
158.298
180.473
151.727
174.787
169.022
188.966
158.066
165.273
153.379
170.829
185.79
155.851
179.19
153.397
190.539
155.599
193.144
173.986
172.511
162.723
158.194
175.185
159.263
171.608
170.342
209.59
183.63
167.427
189.871
146.693
168.521
200.675
173.284
194.814
178.264
173.666
178.634
196.61
97.4395
156.642
173.716
160.16
180.324
133.279
177.01
169.924
179.543
184.132
186.718
181.372
157.26
160.424
187.091
170.155
170.106
184.784
182.389
178.286
192.767
152.092
174.891
155.312
156.304
184.211
169.256
168.915
183.254
183.073
174.633
176.496
152.748
165.68
158.911
164.195
190.513
178.079
167.765
167.937
186.913
190.488
176.498
196.252
180.14
117.536
175.774
150.571
176.856
181.007
173.226
187.105
179.345
192.618
185.236
169.231
186.247
188.385
169.655
169.236
164.35
157.33
197.248
161.21
161.076
169.792
174.787
173.445
163.15
186.192
185.243
198.155
169.136
194.908
175.415
178.945
155.829
200.51
172.627
167.365
167.726
161.029
164.363
153.061
176.312
181.892
103.348
187.793
173.856
172.381
164.649
193.208
174.808
181.227
184.458
178.058
157.748
175.117
176.224
158.612
185.412
145.123
155.398
177.832
195.428
162.984
172.114
146.58
167.747
172.186
169.747
156.955
179.02
160.981
178.535
184.634
182.978
199.234
160.598
169.791
151.459
188.782
182.993
189.707
170.46
169.163
179.356
178.463
144.915
175.575
173.841
141.085
175.847
180.94
177.679
172.823
186.578
164.87
192.244
183.065
163.105
190.78
182.092
158.525
188.359
177.466
182.299
164.189
161.892
181.74
156.608
177.036
156.374
176.848
141.62
178.664
189.785
162.402
169.752
178.385
177.857
197.352
167.579
189.554
167.35
184.907
172.043
166.179
164.541
155.644
182.986
160.21
163.046
195.684
173.875
178.417
169.42
176.332
182.246
200.417
194.558
182.402
173.066
139.272
167.434
181.789
157.32
200.056
163.179
182.259
193.987
192.148
167.166
194.64
160.911
167.674
183.351
140.746
176.629
188.822
198.259
160.994
169.235
152.551
184.034
152.862
166.37
166.822
176.364
165.611
199.545
174.729
187.598
188.405
170.823
190.882
183.414
182.21
166.263
176.492
186.419
176.135
185.683
186.176
191.49
200.652
163.224
184.85
175.766
175.462
172.531
174.468
155.874
170.711
180.4
181.892
193.888
170.309
175.393
208.951
171.803
182.643
178.061
187.581
186.187
176.689
168.349
174.752
181.996
162.991
197.501
177.221
173.869
172.205
188.861
174.603
179.348
165.129
174.2
183.535
180.012
181.184
166.297
155.851
157.948
163.975
179.717
169.544
171.964
166.598
189.815
152.3
200.414
189.642
196.939
181.366
184.366
176.875
171.828
177.874
176.176
197.844
154.655
173.678
157.717
191.185
191.798
156.789
177.663
189.369
176.365
167.5
182.801
165.842
173.032
163.186
171.168
171.186
146.674
178.43
182.608
159.423
170.201
181.33
180.806
157.339
161.492
162.761
173.556
186.301
196.709
175.217
175.779
167.009
176.987
196.362
168.48
179.444
179.459
163.45
171.343
164.02
146.465
203.887
151.615
188.863
197.247
185.389
167.324
183.785
163.869
132.409
181.239
164.871
180.035
159.765
167.936
159.461
170.256
191.458
164.267
182.836
189.307
177.054
162.66
185.691
193.148
148.031
177.98
172.08
174.767
195.249
159.285
158.175
200.414
155.421
163.119
180.907
175.15
195.828
136.491
189.071
210.512
182.277
178.648
172.891
187.281
191.027
161.101
190.506
182.114
159.386
205.009
170.721
185.775
171.928
186.26
181.395
178.271
170.166
176.857
159.842
187.636
167.506
165.673
190.577
195.799
162.133
167.302
149.455
144.18
161.266
146.251
159.229
170.516
166.62
205.407
181.12
165.421
187.077
156.087
171.919
156.796
178.609
188.582
170.337
193.201
184.943
166.126
176.961
186.021
169.819
163.307
171.016
166.721
162.798
172.928
194.53
163.82
172.089
185.934
164.965
205.629
182.364
182.459
173.52
187.512
173.655
179.632
193.182
191.522
196.159
167.928
159.16
178.14
172.932
167.199
165.966
158.096
172.644
194.879
163.68
152.759
164.437
171.162
160.032
181.089
181.3
197.162
168.98
190.236
170.739
134.391
184.012
160.828
206.475
194.667
198.837
180.352
154.735
190.57
159.0
165.908
179.831
167.28
169.696
128.641
172.719
158.748
184.179
191.758
174.353
148.998
206.853
189.777
172.602
160.155
151.473
181.617
170.678
200.449
162.924
176.914
156.719
198.353
157.616
182.188
186.994
200.044
168.516
179.408
167.24
169.845
156.237
177.781
173.154
193.481
203.496
176.361
154.448
153.957
179.382
161.094
207.192
159.044
165.659
212.758
179.922
165.711
193.318
184.439
180.928
171.283
158.821
177.359
142.511
165.238
213.635
185.94
166.075
178.972
179.47
204.625
187.376
164.116
190.818
173.585
177.431
182.206
172.469
160.879
154.818
179.033
192.292
175.766
171.175
157.509
170.454
163.26
176.071
149.525
172.375
209.561
171.248
169.403
169.595
194.633
198.387
164.331
177.496
185.785
174.228
153.752
158.939
185.082
187.086
149.068
181.415
181.065
176.18
196.196
154.108
174.621
162.411
170.338
182.746
179.187
158.158
175.912
198.741
172.439
171.829
179.067
178.714
170.118
185.806
202.836
172.031
145.451
167.53
182.68
173.561
190.54
175.716
156.216
176.936
169.054
146.744
178.658
168.107
164.882
172.653
173.593
182.777
200.508
176.521
191.726
188.863
162.904
189.809
185.655
184.051
209.493
129.996
154.387
165.906
182.637
176.54
200.034
161.105
176.241
192.275
173.239
146.383
173.85
185.088
179.182
192.875
163.209
162.448
179.731
172.6
163.236
174.962
173.351
172.521
157.036
137.686
176.748
181.515
173.365
178.311
173.869
165.5
162.27
174.962
163.945
152.11
162.879
178.754
181.13
159.282
156.173
165.319
153.816
123.867
162.958
171.805
192.135
172.743
177.975
175.335
191.633
181.545
193.854
153.071
193.359
180.449
175.319
190.545
168.293
172.781
170.506
153.411
166.389
180.36
185.711
158.629
168.381
175.275
174.605
159.99
176.75
144.66
182.546
180.542
193.974
174.678
193.098
166.452
176.287
177.324
155.817
155.795
184.987
159.746
202.951
160.267
174.456
173.581
165.689
136.432
173.802
185.161
182.826
161.078
173.368
155.909
167.278
170.915
152.069
155.559
161.856
172.314
169.782
153.155
176.814
194.714
180.018
176.921
175.087
170.97
169.317
167.115
179.503
188.715
184.442
188.478
152.723
169.975
211.4
174.538
158.219
177.6
160.344
164.564
202.027
171.014
207.459
185.771
191.956
162.721
175.359
190.087
187.438
173.544
176.308
161.39
183.381
201.222
183.016
158.31
178.339
155.231
148.126
171.201
170.935
190.42
185.491
165.48
179.076
167.137
187.713
165.773
174.491
169.866
147.371
170.071
170.089
186.29
187.439
181.954
130.401
178.098
158.092
187.599
150.548
180.913
207.328
187.4
171.536
178.882
144.182
146.502
162.709
201.684
185.0
166.477
178.997
194.761
175.947
89.1409
148.49
178.996
150.172
166.61
163.57
173.521
171.399
171.721
195.082
159.613
171.262
180.797
182.404
134.297
177.897
175.621
191.866
180.342
163.903
173.766
161.705
168.841
178.087
177.939
174.489
186.767
112.313
172.495
179.065
183.332
173.92
171.108
184.313
157.356
150.871
172.587
174.496
189.902
152.309
197.393
206.27
200.754
179.338
165.334
176.722
171.365
167.354
175.485
177.174
177.16
173.367
162.554
180.602
171.073
178.332
145.588
158.282
178.229
190.936
163.695
161.829
170.066
193.853
181.367
169.669
180.378
169.978
171.744
201.163
167.78
173.762
168.033
179.542
151.735
179.308
228.852
191.19
200.191
192.589
148.365
146.457
178.2
176.207
165.139
162.227
162.436
193.943
197.497
169.325
181.047
143.629
188.98
166.991
223.743
170.898
158.223
164.336
179.691
193.163
186.99
183.137
169.038
182.669
172.802
183.839
187.888
202.968
161.434
162.424
158.247
190.63
182.107
190.62
184.551
183.433
163.605
189.931
167.665
160.72
176.715
171.575
188.442
167.636
192.744
176.409
166.326
180.274
187.854
172.369
182.119
193.829
170.093
191.369
181.665
144.12
177.334
186.133
156.373
199.894
159.057
197.769
173.12
161.822
163.987
173.005
179.32
188.701
166.024
183.813
170.428
161.384
164.921
170.555
198.018
183.416
174.817
161.318
172.377
175.537
194.889
168.769
163.707
183.648
180.847
156.338
200.447
185.982
186.852
146.346
190.65
178.707
132.954
170.032
157.561
178.434
183.646
157.057
180.947
186.543
179.875
160.152
162.729
166.995
149.251
166.365
182.556
158.71
159.038
176.36
194.983
163.77
160.5
158.101
185.521
156.181
185.942
170.56
175.591
158.255
182.008
172.058
184.274
166.922
169.167
169.042
184.469
182.392
205.516
183.181
160.083
180.81
177.629
161.88
168.447
161.468
175.077
178.514
174.167
166.72
173.324
200.32
207.378
178.662
161.113
188.624
169.096
181.461
169.34
153.499
180.14
162.077
172.608
165.468
166.37
168.999
172.207
186.794
184.196
179.557
161.05
194.888
186.175
167.199
163.484
176.153
180.082
183.996
170.527
188.278
171.604
185.399
175.839
180.625
169.52
171.876
177.469
146.208
156.985
192.65
189.794
173.692
179.761
174.873
199.957
172.696
162.492
193.275
164.108
171.952
166.824
174.696
168.582
165.422
190.155
186.772
176.769
172.341
183.556
174.449
175.451
201.396
186.815
175.274
171.054
175.693
161.593
164.557
153.724
192.441
173.834
175.736
162.829
172.211
153.03
170.673
176.096
178.836
184.949
150.885
167.05
159.909
187.891
192.272
183.445
143.479
184.528
154.661
176.807
177.598
185.347
155.412
179.372
195.66
176.481
156.392
158.257
181.891
176.875
179.716
188.914
168.031
171.349
175.041
185.805
184.78
165.541
161.897
182.397
160.456
156.583
159.118
151.811
176.394
180.107
182.733
165.287
172.109
171.467
176.716
162.378
183.99
175.448
176.651
166.972
175.305
174.508
177.253
176.808
177.696
189.408
174.995
191.646
169.917
172.78
167.122
170.358
169.187
173.891
182.207
189.143
177.194
176.635
160.525
178.514
181.531
205.417
184.678
160.096
68.816
183.178
173.141
174.619
165.831
182.757
177.105
183.954
148.779
181.675
167.899
177.278
154.882
187.881
188.88
183.683
183.513
163.926
185.524
145.732
126.291
165.317
165.022
174.378
158.061
186.476
183.785
185.786
184.564
180.743
168.072
180.653
160.701
165.067
151.666
165.854
157.648
181.384
173.506
165.754
169.914
186.433
179.263
155.275
159.457
211.545
185.532
155.985
175.734
177.285
174.745
185.113
156.855
179.672
168.855
167.151
185.474
174.241
188.288
186.735
178.356
169.205
192.48
198.009
180.321
176.543
173.585
171.416
165.558
145.334
159.333
171.159
155.893
173.179
175.277
184.041
185.766
161.399
189.832
143.148
154.717
191.064
175.764
168.236
184.606
200.826
166.132
155.787
178.159
172.627
187.397
198.993
180.059
155.361
173.315
165.658
154.044
198.193
164.327
166.596
164.596
175.632
178.735
187.454
174.386
154.734
168.566
182.201
176.651
192.868
167.018
195.659
159.345
181.896
187.166
174.307
172.404
166.613
166.72
178.605
173.634
188.769
172.842
156.974
184.359
157.02
146.219
168.679
178.432
160.316
116.948
172.3
189.012
186.5
193.458
178.477
174.899
167.172
159.493
152.451
175.796
186.742
186.956
179.024
180.057
167.068
176.678
207.701
164.387
136.908
162.118
180.635
176.421
162.707
182.338
194.731
165.894
191.735
181.573
167.171
163.143
159.679
172.16
171.691
148.705
169.901
155.393
170.03
153.928
163.043
163.02
174.92
181.486
187.697
152.541
179.084
181.002
197.659
160.957
162.592
189.441
173.051
195.025
183.924
172.251
201.917
175.949
165.104
183.569
181.231
180.268
178.508
158.522
170.392
166.943
181.206
167.224
180.461
181.509
182.496
155.75
156.443
204.25
166.315
190.373
173.181
180.358
193.983
148.396
195.653
183.064
168.019
165.8
211.703
183.488
183.709
175.528
162.375
171.267
158.558
173.975
176.408
164.416
173.071
196.525
184.422
191.901
160.617
137.228
200.034
147.164
164.673
189.892
151.334
182.556
197.393
174.866
150.341
188.228
162.913
177.138
173.677
172.052
161.902
191.381
178.271
168.266
162.204
170.225
176.959
165.992
170.612
163.468
200.747
176.648
173.307
184.728
180.216
172.482
174.22
172.89
160.305
157.479
189.281
168.154
177.275
158.446
179.832
164.749
186.184
182.43
195.59
175.152
180.608
197.361
171.058
169.525
175.474
198.743
177.548
179.785
172.925
166.008
192.793
173.285
175.073
145.323
174.983
174.288
191.572
174.381
159.991
163.351
166.609
174.769
188.436
195.57
179.265
169.969
161.335
164.485
161.512
180.654
154.576
161.337
161.953
181.605
172.266
181.186
202.632
178.642
188.146
174.913
200.293
162.274
171.159
193.566
172.336
149.537
178.496
168.31
177.887
122.671
166.3
163.458
181.872
193.509
171.02
178.202
202.178
200.491
156.406
171.444
174.13
164.216
176.679
160.967
145.637
157.175
165.986
171.072
182.059
186.144
174.041
188.491
160.643
164.906
172.379
157.927
156.846
180.901
176.106
150.351
197.052
172.167
189.935
179.192
160.504
199.818
167.349
189.253
171.379
194.494
190.394
181.345
182.957
199.754
165.674
129.845
158.264
160.465
183.597
186.51
175.974
162.704
150.781
153.941
195.165
172.06
169.132
159.097
178.412
164.473
168.76
179.532
182.807
154.822
176.869
156.484
178.08
162.857
147.001
187.253
153.843
175.619
165.258
164.906
177.301
169.907
159.293
181.992
184.594
180.573
156.244
168.213
163.726
193.261
170.888
162.365
150.381
155.307
184.876
168.645
192.065
167.068
175.558
151.791
175.508
156.955
172.67
169.441
182.933
188.997
164.006
176.697
153.848
193.83
160.663
168.006
183.982
155.118
184.375
196.07
169.278
163.885
157.755
177.835
170.123
161.104
193.028
79.3277
188.348
166.097
178.927
192.977
179.23
190.8
152.678
184.164
189.919
188.583
168.203
182.938
176.43
180.468
182.596
176.338
184.456
167.855
183.95
175.246
163.707
166.722
161.03
144.501
204.214
182.589
197.916
181.571
177.185
163.767
157.681
162.991
194.462
186.897
154.895
175.796
182.388
185.078
178.206
170.192
173.897
163.935
171.592
157.175
179.409
172.407
199.061
153.776
168.155
158.414
171.644
152.355
162.511
194.258
180.989
183.7
187.707
182.103
178.99
166.37
179.041
144.417
196.691
198.182
205.577
190.138
162.64
189.8
178.829
185.192
98.9856
158.749
170.117
184.846
190.164
162.206
194.911
171.062
169.783
177.905
174.204
155.882
164.724
174.296
153.707
166.347
171.678
154.804
175.573
173.388
171.218
198.784
204.117
183.393
172.139
201.243
191.602
198.731
191.595
168.932
219.386
167.048
178.429
174.369
193.897
199.536
205.424
175.257
193.532
181.087
181.745
159.309
182.751
178.176
175.804
188.564
174.794
171.901
170.105
162.599
176.694
198.073
152.515
157.045
170.764
172.722
167.202
198.287
173.254
191.733
170.744
168.311
169.109
154.63
170.045
178.894
147.841
176.144
190.502
174.799
176.019
180.446
180.37
177.374
148.85
197.604
181.558
176.572
161.022
175.975
158.657
185.898
182.549
177.804
189.757
181.63
148.767
183.896
181.207
177.109
205.297
150.163
185.731
174.64
192.615
185.107
154.91
157.776
178.459
178.131
222.156
175.789
169.149
180.193
183.209
193.044
149.146
187.896
166.92
180.439
181.298
172.316
163.11
158.457
172.819
182.898
163.107
196.071
150.589
175.071
167.77
187.616
164.618
214.116
161.409
161.391
172.018
184.423
152.101
182.618
159.065
185.34
176.819
205.225
155.836
180.097
159.335
184.779
157.797
163.035
161.342
207.231
166.837
165.184
170.717
153.472
194.785
173.732
177.324
200.384
191.095
184.369
208.675
182.061
189.529
173.501
158.398
182.887
177.127
176.736
184.94
153.757
193.933
202.1
179.298
190.729
166.037
137.132
155.621
184.733
149.997
173.668
165.786
178.37
148.999
185.555
191.336
180.265
193.26
181.312
183.054
179.139
194.382
210.4
173.347
188.749
178.66
176.128
162.845
173.556
162.724
171.214
184.302
182.508
176.052
191.684
190.584
166.919
171.535
165.695
162.553
175.973
190.496
167.121
145.661
148.905
180.398
175.993
115.803
185.907
163.716
168.604
173.759
165.613
180.402
181.503
163.993
176.222
167.56
185.467
188.073
178.227
203.655
174.365
166.755
172.236
153.227
174.244
165.861
172.735
201.562
179.494
161.381
184.245
140.677
160.807
164.411
144.488
148.586
175.691
164.138
183.562
146.544
177.81
177.809
165.061
162.681
175.288
161.848
184.833
172.286
162.575
188.027
180.492
168.506
155.607
160.184
154.093
183.147
188.447
149.341
160.646
186.932
186.298
190.722
170.407
156.33
204.661
149.923
172.153
159.429
201.895
190.375
170.072
175.193
161.182
163.747
193.546
183.616
185.357
194.577
180.287
158.252
193.779
157.003
169.889
177.368
179.233
164.005
174.689
177.075
177.594
153.188
183.774
198.284
172.011
176.981
179.773
175.846
162.761
181.383
146.399
166.376
160.562
180.391
186.427
184.576
180.947
186.734
169.228
186.199
159.991
126.074
177.475
162.495
167.035
183.034
189.983
196.29
190.001
195.245
171.028
168.457
160.798
180.422
168.832
170.883
161.758
171.002
193.034
167.34
166.28
170.535
173.114
191.51
165.637
186.59
187.352
180.809
162.274
95.2925
184.305
154.955
136.044
159.818
179.508
172.528
169.333
183.851
148.186
178.646
153.752
191.081
169.163
174.85
176.447
181.595
175.941
190.982
175.129
182.942
184.066
166.6
163.716
197.704
168.966
184.809
151.439
170.52
189.553
181.754
172.445
181.611
168.302
197.488
171.687
167.357
174.971
186.928
171.702
173.057
192.619
163.098
180.623
166.232
160.684
159.189
166.391
169.12
190.767
42.6731
163.974
153.293
199.856
156.329
174.977
152.926
141.79
182.133
199.615
161.746
187.779
176.415
157.353
175.897
211.036
185.763
183.468
159.916
197.001
170.363
169.408
180.369
162.898
188.934
163.267
169.075
167.081
184.035
194.788
178.572
161.318
160.031
188.67
181.309
171.723
150.377
193.32
179.244
189.619
162.617
133.05
170.368
168.243
168.294
199.564
174.614
177.196
168.363
188.456
167.026
200.997
152.378
183.5
185.96
168.627
168.393
191.121
160.727
157.635
183.621
162.886
162.574
200.692
175.9
160.594
169.343
189.727
177.71
172.044
148.462
174.517
193.699
167.704
178.686
170.229
166.6
101.327
167.935
211.428
194.969
179.391
189.468
172.102
146.952
171.466
177.398
162.689
189.064
166.947
202.019
158.654
176.328
211.434
170.05
160.641
198.678
90.4072
171.148
163.326
178.677
183.404
183.584
180.848
185.479
171.5
161.715
159.313
177.795
157.665
195.501
155.412
166.042
179.455
201.629
159.986
188.434
176.878
159.758
169.234
187.509
166.657
158.287
185.928
161.065
175.416
153.297
203.441
176.574
183.116
190.759
159.596
211.181
162.538
163.136
195.323
154.618
167.177
177.786
160.204
154.771
182.407
149.774
199.665
162.024
173.357
149.152
169.406
179.773
162.031
180.007
186.058
184.27
184.958
163.642
175.178
182.991
160.545
159.49
161.628
186.223
150.446
172.18
193.194
169.866
180.673
188.576
177.479
185.988
167.603
170.941
174.193
180.249
186.838
177.579
159.823
182.595
179.75
188.898
164.602
162.93
188.354
142.968
201.691
160.654
170.482
152.561
187.242
166.671
165.299
178.523
178.522
189.586
163.975
194.586
211.225
179.957
166.885
176.964
159.975
172.0
145.614
163.747
145.755
162.389
207.382
178.864
153.72
179.354
178.5
151.771
179.673
169.005
186.496
188.953
166.249
182.119
165.413
86.8023
185.928
167.539
150.065
177.751
171.303
175.446
186.398
186.53
186.441
157.348
173.562
173.768
176.7
181.001
156.538
186.576
177.81
167.588
147.017
161.451
178.627
196.317
180.665
169.01
199.785
150.282
155.613
133.366
190.154
187.512
171.33
146.335
160.774
194.472
173.569
186.51
215.714
182.678
162.501
191.334
167.852
192.528
185.406
160.378
185.426
159.307
166.691
166.56
149.961
177.907
213.346
179.479
192.17
190.039
157.822
173.064
155.864
190.525
188.22
188.66
158.764
171.651
189.917
183.265
150.058
173.91
170.902
177.572
169.279
159.805
201.155
197.908
175.219
177.176
176.021
171.057
198.613
140.334
166.983
177.568
168.143
165.299
169.4
202.016
162.772
195.055
174.979
188.029
167.083
154.838
169.423
212.195
178.468
169.834
168.12
162.222
178.564
163.084
170.728
163.465
176.326
198.329
180.837
191.674
169.345
194.478
182.545
173.11
174.549
188.272
150.696
176.707
189.783
180.0
169.947
182.185
162.852
179.922
176.307
177.889
163.257
168.879
179.588
203.648
171.857
210.998
169.522
160.071
166.984
191.17
173.837
168.207
168.767
192.619
181.507
163.725
188.302
170.078
194.771
175.86
195.075
156.663
168.389
182.983
179.066
170.966
185.053
185.094
184.581
163.425
167.949
154.556
178.402
183.793
188.211
187.685
180.548
168.582
168.137
177.79
191.876
188.877
178.439
168.88
184.594
195.144
194.156
173.741
158.713
161.466
182.673
190.908
175.895
181.723
176.707
165.378
163.438
161.765
175.599
168.401
166.724
200.795
152.933
185.964
195.201
176.437
150.211
179.958
150.808
198.75
158.299
165.804
162.289
163.238
173.921
183.215
155.233
184.339
158.885
167.102
173.121
173.918
163.299
163.559
160.72
173.994
163.408
156.619
159.85
162.034
189.077
172.983
182.747
199.14
169.995
172.761
168.662
171.711
165.23
176.685
189.567
193.194
166.952
176.493
157.52
186.127
185.453
198.335
179.666
180.935
160.668
170.845
183.981
187.428
178.553
191.391
151.427
152.146
175.762
188.266
161.705
178.491
185.07
147.904
186.197
170.601
177.323
149.435
159.617
162.803
154.513
162.793
162.825
193.094
146.019
147.518
169.272
171.202
166.985
151.24
152.759
180.69
190.711
168.711
182.584
172.708
165.73
169.424
156.059
187.196
178.564
186.383
186.489
174.342
187.601
180.269
169.471
193.701
162.088
167.083
188.039
184.412
164.724
165.963
188.53
193.351
175.921
192.665
179.955
185.148
190.32
156.198
173.301
148.305
168.251
153.378
168.266
182.34
179.736
148.967
172.992
205.353
154.642
189.389
150.584
163.44
180.1
184.974
154.153
189.364
180.25
181.338
167.822
178.764
171.532
198.525
171.867
182.796
175.596
172.367
179.259
161.836
188.614
159.556
171.266
194.762
174.992
189.262
184.57
176.515
166.586
156.035
177.416
129.303
141.698
164.671
190.217
174.463
183.115
195.962
183.014
188.016
183.867
158.198
166.39
162.308
169.926
164.57
164.863
180.59
181.426
170.137
182.52
178.365
186.529
174.396
178.084
184.913
164.94
168.432
164.113
152.245
186.899
191.334
167.606
196.164
169.124
183.262
178.983
170.044
175.413
190.459
158.233
170.227
187.383
180.688
155.126
201.252
154.547
183.072
183.017
191.819
182.899
188.547
154.691
191.585
166.463
188.016
178.303
176.792
171.408
172.043
169.713
177.998
180.838
177.818
173.459
168.658
154.66
171.364
177.469
196.84
135.222
152.286
166.539
173.594
157.69
185.349
182.132
173.692
157.6
178.055
173.728
163.352
178.387
160.9
154.726
168.282
179.564
150.954
175.522
191.742
163.999
175.395
173.559
176.871
148.309
175.626
154.275
180.753
167.361
187.492
168.39
170.128
190.294
160.35
160.754
197.607
167.625
160.543
182.276
164.383
192.971
172.23
171.231
162.942
190.458
157.812
180.24
177.703
180.698
166.971
91.7444
166.802
193.812
207.11
162.491
153.454
200.519
159.909
162.127
157.73
161.804
196.448
167.796
189.492
162.656
177.534
197.129
175.948
172.373
188.599
164.5
165.315
193.232
173.925
178.977
193.429
176.21
166.965
139.209
187.315
156.343
172.017
181.573
175.255
148.279
156.588
167.78
183.857
173.397
173.11
154.52
174.433
193.811
182.052
180.349
172.796
184.562
188.329
154.493
170.999
183.63
172.419
134.887
186.241
172.107
170.314
170.089
163.426
174.559
191.238
183.772
195.197
170.575
180.701
188.335
175.699
180.692
188.075
179.308
175.528
192.497
188.576
197.128
179.29
176.833
191.101
175.795
181.542
169.029
156.083
160.692
169.331
163.882
175.68
172.138
213.832
158.514
168.966
148.09
187.328
159.498
161.92
157.428
174.535
183.12
179.579
157.463
186.506
136.064
171.97
174.852
175.851
192.436
171.72
171.99
170.612
178.055
167.861
184.622
170.182
175.013
172.952
180.743
179.145
180.244
187.39
172.437
196.806
154.068
156.774
192.306
156.578
148.927
179.974
168.922
178.642
174.052
179.047
178.314
165.517
203.084
182.05
175.475
163.503
196.175
199.254
52.7494
175.726
172.478
160.032
192.156
180.564
200.607
189.568
186.579
175.761
182.233
163.534
156.264
179.744
172.71
186.146
179.317
169.345
145.857
174.974
133.066
179.496
176.229
188.118
182.206
139.52
169.422
156.321
173.144
182.909
148.952
186.623
174.869
181.328
170.787
179.234
163.703
165.755
199.925
177.654
170.766
174.089
180.546
172.291
175.186
165.219
159.693
162.851
199.421
163.643
134.369
182.494
169.656
159.736
163.874
163.29
163.136
151.413
178.925
159.196
173.409
181.63
167.209
178.792
207.291
176.095
152.54
148.82
178.974
144.813
143.43
156.039
164.188
159.765
178.839
180.983
174.616
166.503
190.666
188.105
176.612
196.985
172.53
171.006
172.956
178.498
166.285
178.82
196.618
158.072
199.457
178.119
172.941
170.5
160.951
163.379
180.248
165.827
185.267
190.845
164.333
176.703
199.228
178.85
145.826
175.501
158.947
208.655
156.626
174.691
170.697
175.635
173.371
168.336
194.541
181.04
183.042
182.926
144.672
189.688
170.534
184.581
169.228
185.197
174.334
192.552
165.069
160.557
188.261
164.864
133.865
162.62
164.602
188.704
122.656
176.256
207.493
170.537
165.631
173.062
168.94
164.369
191.936
202.483
193.701
176.979
176.638
172.913
171.719
170.218
207.348
191.857
153.549
168.272
185.89
178.616
158.641
166.323
162.502
183.891
211.776
150.988
169.874
167.167
180.758
166.428
191.906
178.345
170.701
179.809
178.926
203.449
162.679
173.8
169.353
184.261
164.667
156.686
174.622
188.871
195.459
175.795
172.586
186.887
178.037
151.365
181.293
163.427
146.015
184.662
183.071
175.007
188.907
171.332
139.112
138.526
160.02
180.879
188.247
189.174
166.382
172.097
179.676
133.062
176.044
161.339
182.51
169.161
169.069
159.049
179.542
176.102
164.066
164.82
155.218
185.839
160.447
178.998
162.478
199.042
184.39
187.042
189.351
184.389
151.501
189.376
168.883
206.346
165.549
181.305
188.148
179.979
176.959
175.366
164.268
187.708
175.576
175.464
160.034
170.133
161.622
199.276
176.77
161.478
183.165
167.379
200.161
186.933
137.306
190.22
166.76
190.953
169.164
188.576
169.187
173.217
181.023
186.458
174.065
181.834
167.485
159.369
181.702
202.25
154.328
150.327
170.521
201.521
163.69
179.849
166.959
167.722
184.499
176.488
190.844
149.384
193.867
180.323
172.793
135.193
185.65
181.039
178.564
180.058
114.661
184.982
167.577
152.911
171.624
167.594
161.952
177.121
165.685
154.697
161.621
168.522
184.844
176.438
199.62
185.338
139.429
188.1
182.372
187.047
190.839
162.768
163.623
184.143
166.469
150.233
166.989
188.697
168.725
187.909
174.076
207.601
146.378
166.314
190.381
190.668
151.964
185.656
174.354
168.176
169.797
171.235
189.59
190.114
192.761
182.167
165.079
189.926
162.938
184.221
154.774
164.637
175.854
167.554
165.598
163.752
184.548
178.385
156.071
196.062
187.862
168.651
185.456
160.69
181.716
166.002
163.852
161.617
182.27
193.216
160.148
171.889
175.524
187.634
177.485
173.858
172.213
183.692
177.932
193.657
186.411
179.109
168.249
168.918
190.758
173.452
150.026
175.886
172.587
168.76
162.564
166.54
181.564
187.835
172.65
159.239
187.917
178.004
169.121
172.719
175.679
189.922
189.941
190.761
168.641
178.191
144.875
161.937
191.113
173.179
148.616
200.331
176.276
198.517
168.516
156.505
171.963
184.333
188.227
152.487
187.599
188.657
184.509
169.228
174.119
166.432
188.381
169.263
188.47
180.643
125.708
174.563
195.998
109.044
177.386
182.661
96.6198
163.232
165.345
172.019
188.638
185.621
167.318
167.441
192.379
179.973
187.46
161.896
177.81
164.21
181.304
173.78
153.561
151.368
194.663
189.92
193.349
161.689
178.262
178.27
159.848
186.123
209.29
189.516
183.117
189.603
160.969
173.276
167.448
201.598
159.284
162.765
162.169
176.615
187.563
180.908
164.271
183.369
166.703
162.391
179.0
178.603
187.681
183.023
187.875
194.877
184.291
180.963
166.738
162.439
170.917
176.63
156.81
176.82
160.959
178.063
188.1
195.252
177.452
162.477
167.548
176.187
178.983
175.465
195.536
175.367
169.688
187.873
167.132
200.505
165.505
169.278
161.393
176.633
166.928
167.039
158.476
173.787
189.419
183.1
174.678
180.686
174.603
163.441
204.688
180.811
185.845
162.381
190.46
165.05
170.449
187.344
171.547
186.822
177.676
172.0
182.066
165.676
176.045
167.433
147.666
168.986
165.487
170.722
164.815
160.375
151.708
168.628
152.034
182.503
185.019
164.115
159.537
154.693
181.083
175.284
189.893
182.829
175.922
185.959
177.737
179.189
197.045
180.035
168.172
180.109
168.816
152.226
160.72
170.152
202.413
167.884
158.618
193.802
184.705
174.813
171.028
192.721
194.615
179.197
183.4
175.657
176.708
173.508
142.295
188.886
198.241
185.643
186.701
182.338
185.782
172.329
173.157
177.78
185.896
182.62
170.315
157.443
192.452
157.88
185.776
161.149
173.652
205.056
172.425
190.963
199.408
183.468
161.567
183.817
189.063
157.363
149.632
191.901
185.871
171.837
176.877
172.895
178.075
148.009
182.526
174.597
180.74
172.699
176.019
163.969
169.726
169.186
183.873
183.088
158.115
172.939
178.806
176.45
194.713
178.288
196.634
179.013
156.394
180.077
168.594
143.762
184.186
172.42
173.885
146.232
145.665
179.62
185.608
177.322
189.216
170.643
179.802
159.829
189.815
192.983
148.521
170.053
171.204
170.961
170.898
175.147
180.894
176.605
158.815
182.225
190.575
192.312
176.724
173.858
186.505
165.086
166.638
158.541
171.719
168.685
162.516
186.128
195.183
159.667
181.283
193.279
200.865
168.885
178.549
165.035
172.6
165.849
236.49
168.923
203.391
165.199
169.914
176.635
186.471
169.237
164.63
166.785
177.582
167.28
182.973
178.471
195.988
201.443
168.849
176.677
199.94
179.524
189.596
178.285
176.081
171.119
164.966
180.507
207.631
159.774
184.802
167.506
172.312
203.66
155.075
190.848
175.593
168.877
192.068
189.354
197.299
175.592
193.065
182.17
157.305
188.72
186.411
179.081
182.317
158.007
186.91
161.429
175.802
178.381
165.846
193.83
156.648
187.575
195.667
212.737
181.454
136.135
195.047
168.104
175.268
181.041
165.837
158.682
161.779
168.157
171.911
157.077
173.162
185.742
218.363
184.224
171.693
178.141
33.9471
166.726
182.269
178.843
162.769
167.865
176.371
161.515
172.854
206.79
201.325
156.154
156.973
178.553
193.3
171.923
134.763
183.171
173.887
170.513
165.038
173.489
161.605
180.344
171.552
166.753
144.754
202.749
188.682
139.92
173.836
169.861
187.041
177.161
181.284
165.09
168.895
154.836
157.758
181.467
183.072
186.938
158.329
166.261
189.567
162.169
190.199
181.38
175.569
193.628
156.682
172.683
166.417
190.884
173.406
193.493
146.62
194.98
176.425
179.653
182.267
173.716
189.066
163.773
174.569
172.44
195.856
178.743
172.4
191.97
152.928
181.23
164.321
198.283
187.596
177.344
172.703
169.723
158.708
162.907
171.855
170.47
164.356
174.937
170.408
171.776
173.539
156.572
178.984
187.415
172.205
154.186
184.024
177.825
182.687
204.994
168.238
170.995
80.7387
182.899
115.872
196.254
166.483
153.257
168.206
183.595
166.679
154.569
175.584
198.576
157.721
159.258
138.751
187.82
155.6
158.716
153.752
175.698
179.161
171.088
166.089
168.763
141.297
164.707
181.816
179.058
172.928
209.94
190.507
183.655
179.441
165.25
153.124
192.23
169.266
186.881
165.316
183.827
172.182
158.808
160.69
179.385
167.786
136.787
179.81
152.383
178.971
160.855
162.456
170.704
182.049
171.539
172.997
165.688
175.077
165.479
177.96
182.061
180.175
158.878
167.188
179.092
178.13
168.386
184.166
160.032
176.938
178.397
160.639
166.084
189.021
149.246
174.598
160.05
162.495
188.482
180.407
186.085
190.038
157.642
165.226
148.851
167.709
168.609
165.69
181.99
166.224
144.586
173.02
161.569
187.898
181.318
173.757
160.943
194.243
157.439
152.257
195.388
169.064
140.533
168.786
220.02
171.681
178.227
172.204
185.353
177.111
185.08
212.416
195.435
175.001
191.028
175.583
175.312
176.311
169.989
177.72
170.014
172.995
171.347
169.141
180.737
192.921
172.353
172.58
165.976
182.905
199.107
170.96
164.316
176.901
177.784
153.767
186.066
193.527
168.767
169.331
188.454
164.124
180.199
176.886
204.828
188.456
185.019
197.589
157.84
169.15
179.408
148.176
179.924
163.806
171.819
179.671
162.039
154.486
164.243
176.582
177.895
64.0621
170.59
176.383
198.634
190.815
158.696
201.029
205.036
179.713
188.783
179.906
169.551
191.703
186.567
181.583
166.86
170.389
162.914
170.691
169.267
182.493
186.857
167.165
200.249
179.886
181.496
186.64
170.06
185.534
195.943
196.128
173.524
154.055
180.874
166.497
181.366
142.052
177.83
198.355
183.16
192.432
199.344
165.103
189.529
171.208
176.482
178.172
180.064
185.937
174.541
189.604
165.143
166.59
171.23
166.499
183.327
194.481
202.37
149.589
153.861
157.515
173.478
168.449
150.699
172.656
193.701
174.615
164.135
178.266
167.953
166.838
193.063
157.026
172.145
176.605
155.736
167.109
185.341
179.964
208.121
151.414
181.679
178.249
184.282
175.34
161.169
180.194
185.855
168.505
160.369
175.529
186.266
176.651
179.497
164.134
168.723
172.228
146.245
174.257
143.606
184.889
143.283
197.518
174.121
176.053
158.675
181.452
163.371
158.384
180.954
159.053
181.829
160.961
168.089
207.046
175.235
179.48
171.191
170.929
170.887
162.228
181.304
166.771
186.468
184.296
166.589
187.425
164.813
162.363
183.126
156.461
171.951
186.212
150.234
168.857
191.386
193.214
193.455
178.885
116.124
163.541
177.41
179.49
189.892
168.443
161.708
180.451
163.329
170.484
188.277
178.812
166.304
153.02
174.776
153.047
175.832
191.426
168.524
156.677
164.915
181.979
189.805
162.389
189.955
169.11
177.593
172.217
164.801
174.371
190.898
166.108
169.492
169.081
194.87
165.617
187.526
164.387
163.037
172.394
182.522
179.989
159.639
195.108
136.906
171.275
161.775
165.26
166.818
196.619
179.7
170.81
197.943
167.061
176.033
192.344
173.888
182.208
143.951
169.934
151.333
184.832
162.694
187.87
170.331
141.23
176.165
181.189
149.418
189.852
171.281
165.642
180.534
165.589
174.227
185.762
176.85
176.933
178.966
172.734
176.111
179.684
166.728
166.494
170.359
166.228
171.19
157.973
183.868
155.514
109.887
167.465
145.265
134.932
195.929
187.874
184.475
200.965
168.085
144.134
177.399
182.274
188.202
191.266
185.493
157.051
178.582
137.764
158.486
177.697
171.466
165.098
159.171
176.153
165.359
161.029
157.496
168.508
166.939
191.117
198.48
171.315
163.146
172.117
194.923
179.68
175.109
153.203
156.549
189.761
169.278
192.587
166.718
176.297
181.272
168.563
169.373
181.126
185.206
154.187
205.5
179.657
136.964
159.792
187.079
184.898
199.093
170.747
188.929
168.341
183.493
189.471
166.022
156.972
186.313
160.273
173.022
169.511
158.358
171.339
168.844
170.029
164.079
133.572
172.233
180.252
169.017
182.518
166.16
173.775
169.751
150.487
169.924
181.531
175.006
178.293
168.522
170.796
188.838
157.309
166.218
199.752
175.249
178.538
177.664
187.292
193.641
184.835
170.535
166.233
196.057
184.548
204.336
159.567
159.218
176.599
191.397
184.196
162.71
186.4
161.113
178.587
157.568
157.4
134.54
152.691
167.19
176.699
171.9
165.655
184.423
160.091
179.995
159.824
166.579
160.032
160.068
205.73
185.417
179.636
200.169
168.748
182.238
162.827
188.812
177.719
170.092
134.299
157.9
163.355
175.759
197.321
178.245
186.129
166.011
122.358
183.192
160.321
152.759
166.962
163.003
177.239
173.285
194.028
177.526
162.669
170.438
172.026
179.336
159.745
168.406
176.884
187.445
182.591
182.487
180.225
171.164
173.109
167.189
152.629
196.454
195.138
195.846
203.611
171.494
170.404
191.369
169.847
177.37
190.285
168.547
161.276
187.26
201.837
160.967
180.229
175.082
173.041
179.819
166.473
189.367
168.278
158.698
161.393
164.387
158.651
176.261
137.716
178.971
175.605
181.609
180.497
179.823
187.53
179.518
188.174
183.895
172.809
153.892
163.557
137.607
173.79
178.132
161.614
174.333
161.577
162.483
150.368
157.517
164.784
193.289
171.737
169.873
174.13
195.682
160.782
165.239
164.119
149.434
188.12
153.603
145.852
168.205
173.498
176.401
158.52
201.359
199.286
189.759
189.313
151.614
165.558
194.994
175.366
174.518
170.742
163.352
188.093
167.63
179.634
205.443
191.777
149.47
151.86
173.639
176.599
185.672
179.096
184.918
151.509
186.755
161.934
166.013
173.769
191.098
191.428
188.907
188.686
201.512
188.971
169.106
191.53
200.143
189.547
168.829
184.545
175.362
176.189
172.491
145.82
167.116
167.093
171.458
181.442
135.181
170.127
187.102
180.487
148.456
183.54
187.474
179.057
182.073
164.873
164.472
157.443
165.048
190.122
172.519
182.425
176.962
164.421
203.538
166.46
178.477
197.878
173.049
168.776
144.575
160.465
183.583
195.368
164.605
186.456
182.292
163.84
176.122
181.783
174.09
183.292
180.015
148.321
172.477
191.32
186.667
166.082
171.664
174.365
181.37
177.046
171.499
165.735
179.93
189.706
180.5
157.208
200.048
198.028
161.945
184.371
171.937
164.061
160.12
166.034
185.561
172.744
185.727
159.844
189.06
169.442
174.298
171.04
159.248
173.01
166.592
192.373
192.696
188.897
151.986
188.136
189.745
159.76
181.82
176.232
182.868
183.993
177.578
168.761
152.495
176.935
178.021
204.852
184.55
165.982
174.577
197.189
194.566
179.336
176.781
153.753
173.843
165.645
164.349
188.075
173.087
194.75
177.813
178.982
113.034
171.737
173.81
190.102
132.438
158.418
67.0639
165.22
174.951
198.792
193.99
177.198
183.344
185.181
172.904
185.706
199.755
179.986
189.683
192.497
155.034
165.162
186.782
180.741
164.405
192.904
199.791
165.622
188.608
182.029
195.193
200.288
185.392
137.108
156.746
137.566
155.632
169.538
174.625
166.551
160.493
170.798
215.658
196.136
170.435
183.248
160.701
172.204
170.776
182.377
181.833
185.359
172.417
147.943
161.601
90.3477
181.012
144.873
162.504
162.396
163.464
202.276
180.452
175.351
153.731
170.938
215.102
164.364
181.251
181.075
162.876
197.505
185.823
174.42
173.283
191.321
189.951
184.019
157.172
204.609
164.421
194.785
168.684
178.9
166.881
171.301
204.969
169.541
178.263
192.268
162.82
192.775
194.554
176.994
187.824
180.07
195.515
163.761
169.985
178.256
171.751
177.387
186.169
179.6
176.602
185.568
173.707
172.132
170.751
186.519
162.469
184.392
197.019
151.815
188.013
206.775
171.58
168.255
125.549
180.175
173.238
190.381
189.85
149.585
176.111
176.154
189.51
188.228
211.657
174.878
186.02
172.999
187.703
175.666
177.07
165.097
155.551
169.908
185.653
186.55
175.842
181.61
183.584
176.462
182.196
161.041
180.397
180.252
164.794
159.829
177.361
177.362
195.2
150.5
163.636
191.536
158.829
164.554
187.927
191.654
157.971
193.16
168.902
178.952
184.878
169.615
189.492
177.977
159.654
176.67
166.778
180.186
186.814
180.708
181.718
177.162
172.599
186.115
182.107
164.072
200.117
180.592
185.419
190.995
183.685
164.356
165.491
187.955
164.718
177.43
192.091
170.071
175.995
154.769
166.163
170.825
178.212
168.049
181.173
182.884
186.983
177.102
174.937
167.041
184.718
164.167
162.101
172.128
195.374
185.096
172.017
178.662
169.221
180.882
177.968
168.582
171.331
197.551
173.975
162.3
176.29
179.102
175.989
179.543
180.375
178.189
167.213
171.295
179.536
161.396
173.307
160.122
168.864
159.086
172.721
191.77
165.989
174.964
172.412
192.563
194.123
181.439
182.511
173.244
199.008
169.102
161.782
149.129
153.354
166.669
182.441
188.625
188.537
184.953
187.786
171.227
168.689
168.648
159.843
175.927
159.404
181.889
151.165
91.1967
156.086
186.898
163.825
167.196
177.398
163.49
114.523
181.95
170.309
183.64
171.723
181.355
163.336
154.562
196.737
191.855
194.777
85.5206
193.457
178.321
186.298
179.942
173.116
178.404
200.453
165.324
196.381
171.283
188.773
185.47
154.338
181.215
178.21
179.903
184.243
192.608
170.973
187.356
163.696
187.324
155.906
179.314
174.208
173.49
157.97
167.424
163.376
173.475
179.699
184.037
180.395
185.984
188.385
176.781
178.201
166.44
180.284
199.612
168.781
185.937
196.685
160.819
174.448
182.654
158.364
190.577
160.297
184.11
185.194
172.861
150.436
183.185
171.742
164.023
184.837
182.263
173.067
199.801
145.75
190.723
202.504
161.794
148.555
172.483
165.934
183.236
188.339
183.011
182.506
179.463
169.247
154.713
169.287
169.804
180.943
175.043
186.755
173.615
168.022
190.538
157.973
186.011
182.055
168.102
194.493
165.379
182.846
177.505
215.462
157.359
203.207
199.792
182.755
176.192
204.361
170.219
181.83
180.203
159.124
163.653
161.371
164.953
185.028
164.554
174.995
164.276
179.944
161.684
190.466
168.15
177.657
181.176
186.336
160.79
176.749
146.165
173.099
166.611
177.147
184.518
167.405
179.248
176.301
196.166
172.119
182.905
201.803
191.456
163.817
161.536
180.662
164.965
191.794
186.931
178.493
180.853
174.255
162.459
156.63
183.363
182.503
195.537
177.962
161.881
176.182
160.392
160.404
199.676
152.387
180.839
163.027
158.218
162.271
161.622
163.166
177.433
189.244
194.542
157.764
182.298
180.091
173.835
188.552
182.931
182.627
155.006
180.715
173.965
147.266
55.998
154.428
132.062
161.074
162.964
188.852
173.973
164.216
178.918
177.644
172.951
182.257
174.999
175.584
177.237
191.041
172.897
179.104
174.328
176.136
154.552
188.877
170.592
170.4
162.963
158.231
174.994
177.101
195.219
173.959
185.705
194.333
155.865
152.938
199.518
152.414
166.37
169.724
186.245
179.536
166.04
176.525
172.357
171.466
171.402
166.473
158.324
127.831
150.086
161.882
161.409
165.398
163.658
184.272
174.561
178.61
169.453
163.391
172.004
161.798
188.437
165.094
174.555
165.365
170.602
200.272
168.392
182.281
190.875
186.739
180.412
176.41
185.981
166.116
68.3932
159.361
177.628
171.383
144.893
180.771
172.011
195.513
164.307
165.998
189.069
152.108
162.265
168.561
157.049
184.734
190.889
176.787
171.494
152.057
161.583
189.642
169.967
173.192
186.933
195.424
172.042
162.069
178.346
162.609
156.359
153.168
183.675
148.831
173.119
186.05
139.885
181.458
168.839
181.438
153.324
175.712
194.261
178.437
160.389
166.673
177.567
196.794
157.823
158.17
174.373
167.388
182.482
140.777
210.765
200.443
179.571
175.201
175.426
145.154
194.515
199.789
165.573
159.42
181.409
168.533
190.162
143.718
174.533
161.586
166.884
173.35
186.669
155.429
172.582
164.522
159.859
144.981
173.597
169.443
148.069
187.296
162.712
174.467
173.723
189.747
188.322
175.077
172.682
183.253
176.846
194.628
148.71
181.757
150.203
172.853
176.635
166.833
159.758
191.875
164.802
179.103
189.145
164.856
172.682
187.368
170.84
187.419
185.321
164.393
192.508
153.389
189.408
168.66
171.573
187.048
190.207
188.338
158.425
175.893
188.363
175.918
179.929
181.776
169.278
155.612
186.806
188.929
178.993
162.364
153.089
189.074
185.459
171.282
185.904
160.856
169.655
182.03
166.191
184.762
188.249
160.748
190.076
170.439
197.953
148.619
184.228
170.355
171.073
155.966
183.743
186.077
189.242
152.85
176.343
179.968
164.261
171.203
174.42
181.244
167.062
184.548
182.823
134.996
155.737
185.208
201.006
163.79
166.05
168.219
158.306
195.987
178.753
184.932
174.196
181.966
190.184
197.734
179.56
170.04
188.331
165.083
158.695
179.765
180.889
182.987
209.37
177.488
192.241
180.022
176.849
166.377
182.084
145.906
150.737
171.413
171.313
174.124
189.789
172.723
170.238
176.771
174.066
199.104
186.986
173.979
151.037
174.348
174.13
163.248
173.974
155.264
196.488
185.007
146.687
163.802
178.258
185.462
156.942
178.778
177.173
178.442
162.002
161.664
173.095
167.327
180.373
174.49
172.845
151.99
178.577
181.816
171.045
171.636
171.322
171.726
156.984
174.675
164.309
180.289
137.909
156.763
187.529
179.448
200.682
186.507
169.294
178.059
163.633
206.774
187.71
202.319
185.396
171.004
190.832
155.134
176.18
162.842
150.946
161.036
183.486
187.576
180.52
178.032
176.133
179.143
177.285
172.115
187.818
170.581
185.839
146.851
158.979
177.261
174.464
198.938
201.252
172.845
177.925
178.503
199.394
182.053
164.348
168.519
196.844
183.19
180.064
171.482
178.467
183.642
163.174
189.943
191.312
187.386
189.026
192.17
177.525
171.468
181.101
182.813
184.847
144.581
166.438
194.158
193.855
195.461
184.852
149.002
211.506
178.915
173.716
197.897
165.097
156.77
186.247
189.033
183.327
193.764
197.456
167.077
173.925
159.136
181.787
134.409
182.282
180.411
190.317
183.71
189.977
200.042
177.603
177.906
168.411
165.763
178.264
191.205
187.088
188.226
174.629
158.66
154.148
201.878
182.967
189.726
173.072
166.765
193.233
170.576
178.289
202.376
168.509
166.407
165.48
172.62
174.703
174.724
152.917
137.072
182.574
186.582
193.03
159.119
182.062
186.973
163.461
191.153
165.651
194.609
172.501
184.705
170.461
196.659
170.503
172.557
160.819
176.559
168.85
186.034
182.258
177.824
169.992
175.447
152.132
161.711
178.722
168.036
178.432
175.879
176.031
170.979
172.353
187.631
170.435
126.353
168.476
148.366
169.312
183.085
183.875
166.387
173.129
172.879
160.123
188.607
173.449
169.981
172.781
172.667
189.083
162.92
193.835
166.198
167.334
192.308
188.215
164.37
161.085
186.338
172.994
178.5
160.54
178.136
164.752
168.197
200.017
163.194
157.714
174.908
189.757
181.011
168.055
120.083
174.176
193.682
185.001
151.322
164.316
188.677
181.889
158.602
150.332
168.94
206.022
180.839
174.055
170.116
185.232
178.864
181.882
185.034
165.438
167.92
164.888
179.788
154.56
156.984
171.537
207.839
181.374
207.536
191.032
177.644
181.943
174.133
186.562
179.843
202.499
184.296
160.703
186.372
183.292
191.504
172.138
171.368
192.078
162.461
183.848
166.39
191.458
157.972
154.708
175.648
173.476
197.752
168.499
168.624
171.74
191.875
159.421
177.902
184.351
156.584
166.006
185.0
178.032
209.593
175.926
176.737
178.313
169.248
176.332
177.624
185.782
181.962
167.125
173.823
175.937
185.214
165.908
178.767
160.522
189.322
161.839
172.449
162.606
177.507
179.049
152.265
163.895
172.787
191.34
196.0
159.595
177.145
143.011
163.192
185.03
161.825
155.623
168.806
172.016
165.864
181.728
201.297
169.749
170.139
181.424
177.631
177.669
174.035
147.544
165.42
194.131
181.691
164.063
157.559
175.372
190.256
169.524
173.382
184.685
181.362
188.541
140.358
175.637
170.563
163.195
178.958
187.654
169.22
169.767
185.51
181.885
179.934
186.172
164.005
183.736
164.643
172.286
187.877
165.88
181.229
152.289
158.979
156.644
162.742
144.024
154.812
200.934
159.564
167.011
184.365
169.763
179.801
175.855
163.213
149.92
187.274
156.162
178.515
165.733
174.468
186.069
169.931
165.259
179.695
151.189
156.204
172.022
154.91
187.721
164.631
171.594
163.47
186.584
175.722
192.15
179.158
160.601
155.551
174.306
161.337
208.79
160.317
165.271
188.388
177.255
191.05
188.022
169.761
149.123
175.724
193.883
157.751
172.746
191.769
176.619
184.918
192.141
167.891
199.38
157.582
112.348
160.032
149.304
183.169
194.658
188.409
181.938
176.263
174.818
171.407
175.781
162.547
161.369
159.215
155.949
155.199
171.127
161.635
169.45
170.44
182.358
172.574
186.653
195.694
146.622
161.194
139.207
174.094
157.146
168.689
162.086
205.235
193.679
201.144
170.535
189.746
171.878
170.885
184.263
201.508
186.548
183.469
180.394
154.388
155.925
156.229
195.347
157.171
155.785
188.927
170.558
198.429
185.888
159.691
177.892
161.685
176.242
169.795
194.303
173.564
151.226
186.804
171.123
172.304
178.853
180.793
182.735
167.89
167.171
179.577
169.356
168.416
153.546
140.924
194.195
164.33
178.606
157.822
182.023
183.11
183.688
150.568
172.456
181.433
176.805
149.589
172.032
174.139
169.627
182.846
151.76
177.996
168.129
169.504
160.513
166.723
169.363
176.592
163.933
180.192
198.903
180.396
164.329
147.226
186.244
184.591
172.868
164.681
165.337
173.019
147.151
163.682
173.429
183.453
140.93
159.725
179.207
153.906
172.938
159.371
149.215
166.681
179.841
184.963
159.305
176.99
168.259
159.408
180.686
167.272
177.434
192.931
157.624
181.817
181.651
180.009
171.563
182.706
179.278
194.458
172.482
187.158
165.731
184.0
171.504
167.676
179.432
188.271
159.37
184.777
161.408
189.614
163.832
184.23
183.634
178.731
170.401
163.317
168.55
177.721
186.603
170.474
181.982
208.703
149.364
169.489
171.022
160.535
163.193
180.445
183.211
160.987
201.556
196.376
170.452
179.65
130.502
180.277
165.563
181.045
184.759
171.171
111.981
168.019
174.85
181.723
167.663
172.98
182.365
193.449
199.656
157.923
202.717
181.505
183.49
172.751
149.746
171.622
189.242
163.068
188.662
175.174
171.638
153.239
150.31
197.548
168.661
174.471
174.162
183.969
175.507
195.72
156.657
190.306
156.016
169.53
152.448
196.316
174.014
173.597
168.607
178.884
185.03
162.868
180.583
151.31
187.238
181.092
169.011
163.452
181.655
206.915
204.173
172.042
180.719
175.517
170.612
166.881
166.596
158.382
163.564
158.978
180.213
157.948
175.771
184.506
182.732
181.496
175.132
171.531
149.474
184.502
193.528
190.956
188.536
198.335
155.311
180.955
155.198
155.399
177.351
192.241
171.538
181.017
168.874
178.417
159.433
164.146
171.846
148.459
177.351
163.801
173.039
192.924
174.817
149.558
164.594
204.065
197.844
171.124
174.734
190.63
164.614
161.993
190.585
170.969
185.93
162.371
160.855
176.684
180.838
178.262
179.972
179.758
173.806
176.303
185.883
194.196
176.159
183.28
188.868
176.247
167.356
178.399
135.127
163.754
160.265
133.913
182.412
186.18
177.881
198.352
180.591
199.041
164.036
186.12
197.892
159.657
173.746
186.101
172.288
183.658
105.307
175.009
165.039
155.585
175.92
167.095
158.739
178.228
178.171
167.156
179.129
179.617
164.5
149.544
183.531
178.668
175.126
163.221
177.395
124.164
168.586
197.845
188.196
160.041
155.407
195.44
172.649
167.497
178.119
157.339
189.047
172.038
170.707
183.055
139.137
172.838
194.856
187.977
174.695
169.245
169.568
167.714
162.212
168.597
175.736
194.804
178.263
162.637
161.843
155.013
190.413
139.831
191.371
157.283
163.43
175.777
174.14
187.127
164.492
174.872
207.333
161.952
163.152
169.034
164.239
164.003
156.35
184.988
165.566
186.082
175.234
150.472
182.054
159.64
167.529
156.154
163.144
195.491
200.364
178.581
145.009
201.108
166.397
191.312
168.249
182.429
161.68
163.879
189.49
180.689
159.986
177.939
171.107
154.266
168.708
171.775
173.881
171.502
172.495
151.5
164.139
143.011
172.082
179.079
174.697
175.242
179.212
184.469
181.986
193.036
182.859
159.717
179.433
162.673
174.519
186.699
172.723
196.044
151.379
136.616
188.382
187.888
157.595
169.589
162.242
193.163
173.009
149.566
174.923
199.139
155.095
165.315
155.701
169.316
167.749
199.51
168.189
197.534
175.073
182.969
168.034
188.429
185.129
166.739
152.616
190.094
168.384
189.547
179.608
191.531
172.219
114.007
198.169
183.433
160.521
194.204
195.897
144.068
168.314
175.456
192.289
158.874
141.133
172.487
186.364
183.874
174.846
187.822
182.943
200.868
189.295
87.7944
162.433
66.6714
159.952
165.044
193.634
177.153
192.452
174.46
181.084
152.73
156.068
166.713
194.347
163.703
181.525
155.263
155.693
150.48
95.9936
202.136
183.089
168.073
176.652
170.542
166.086
189.255
168.908
170.102
170.454
152.737
177.404
164.243
174.56
155.111
174.994
172.834
189.376
162.552
171.245
193.736
183.367
184.787
144.996
187.228
204.517
196.649
171.87
151.904
152.586
179.954
181.046
193.187
168.277
191.29
136.297
175.662
185.088
174.691
150.499
175.408
189.548
157.918
179.445
163.04
169.27
193.739
178.349
181.82
176.764
198.57
183.63
175.991
195.282
166.436
181.401
173.052
216.639
192.347
153.562
161.414
161.228
172.201
166.515
176.391
185.749
177.261
169.557
186.393
199.515
161.887
194.221
192.807
161.721
173.239
162.972
180.449
169.306
180.649
188.235
202.411
170.119
169.168
169.67
122.629
173.166
165.976
159.9
154.821
169.982
186.837
183.47
196.206
184.978
173.613
167.417
163.805
164.327
166.947
185.291
167.5
187.968
183.647
166.205
170.489
166.559
146.168
178.595
161.042
172.534
173.269
170.337
185.153
194.489
182.045
175.34
160.059
175.277
180.448
162.091
194.452
156.497
193.376
170.413
162.702
179.263
191.568
161.154
177.33
155.986
161.599
184.393
174.665
178.063
173.054
172.061
192.421
169.841
170.384
184.507
189.5
177.11
177.249
157.482
177.788
162.189
179.051
190.072
183.062
181.588
164.797
167.109
183.288
173.546
159.87
160.484
190.186
164.016
184.726
184.292
156.67
193.555
192.221
152.9
187.651
171.331
171.161
163.383
180.094
130.108
184.276
182.642
160.525
178.553
187.347
185.272
160.397
172.683
180.277
162.024
163.184
169.599
193.859
194.096
154.926
187.221
178.604
162.165
162.271
131.722
190.566
172.518
167.522
172.024
151.912
179.4
181.695
168.412
173.818
160.107
172.943
154.748
150.006
170.544
175.637
185.848
156.583
189.334
163.476
160.278
167.954
157.569
173.593
190.373
192.355
176.925
157.274
171.627
177.255
181.54
166.197
187.765
178.303
183.073
163.249
161.343
173.975
193.994
189.015
151.967
190.728
166.99
179.906
174.197
189.505
172.535
168.146
182.909
171.666
156.684
175.467
191.859
178.114
187.82
179.58
175.462
175.278
167.488
182.219
185.977
189.835
175.435
174.448
193.532
179.851
172.337
182.484
182.815
167.298
156.751
181.725
194.055
185.677
191.346
164.82
186.309
180.035
173.531
171.179
172.628
191.461
172.723
182.328
186.423
145.399
175.4
168.579
199.683
178.777
153.417
149.942
185.499
168.658
170.991
175.862
175.639
181.615
208.379
163.519
174.296
175.69
171.459
144.566
178.89
180.081
180.661
170.34
164.794
186.409
161.165
178.637
161.981
170.177
157.919
166.351
177.736
175.501
183.477
158.406
163.121
174.343
156.723
186.03
182.21
176.357
180.432
165.852
162.049
190.998
165.125
149.574
196.768
169.235
177.964
191.657
188.537
186.394
176.251
174.572
143.178
158.751
166.975
186.3
173.267
168.509
163.151
171.726
176.991
199.025
156.684
150.764
187.774
187.026
182.121
163.127
176.669
173.543
171.913
186.382
168.613
190.352
164.293
153.761
186.445
129.993
172.785
124.382
172.961
183.578
34.3642
165.816
165.292
155.371
187.726
167.535
173.566
184.94
170.279
163.181
157.292
192.168
154.07
159.386
190.873
190.988
169.016
170.489
188.703
165.771
160.54
205.367
211.745
159.798
156.992
166.912
175.746
166.401
175.624
184.956
169.738
175.296
179.966
175.862
181.079
159.471
188.389
175.414
168.31
185.451
188.509
212.996
196.226
182.967
181.147
202.345
168.502
117.35
159.905
176.596
190.772
181.264
165.954
191.102
177.538
174.322
137.471
167.081
169.775
196.845
175.28
157.634
167.106
160.133
187.34
177.251
179.293
180.162
206.652
194.329
158.758
195.309
182.55
193.218
169.359
168.445
167.424
151.857
171.966
199.494
195.334
151.559
200.96
191.499
174.406
193.602
160.639
188.977
196.64
177.096
176.001
185.907
179.658
179.457
152.201
209.091
161.894
190.504
176.229
184.207
154.138
153.098
181.873
158.112
162.828
154.164
166.523
181.832
176.081
174.6
187.688
158.494
168.302
187.032
161.132
165.452
172.481
196.318
198.82
159.792
176.734
166.654
196.126
178.022
186.968
168.827
191.611
174.322
191.264
173.323
169.02
179.738
177.723
171.7
193.469
166.662
173.613
157.655
156.786
175.491
162.925
149.321
173.611
149.495
158.839
174.774
187.259
191.45
157.089
171.018
167.219
178.17
177.807
172.536
186.069
192.238
172.6
185.186
150.242
173.91
175.749
169.677
190.762
185.817
179.229
178.384
187.325
168.172
172.994
177.918
196.236
170.436
175.266
187.719
167.339
163.948
194.949
127.759
158.235
173.358
175.471
173.648
199.801
183.568
158.891
179.622
206.044
167.513
163.508
153.557
169.245
186.452
186.391
190.062
154.81
165.809
167.927
182.299
172.775
155.78
169.416
168.487
173.808
166.074
177.346
152.165
189.293
172.155
171.602
143.634
168.394
167.116
177.084
147.57
168.198
179.503
159.962
174.152
180.876
176.19
168.106
164.135
166.646
178.185
114.143
150.132
177.158
180.03
180.714
177.081
163.875
179.205
171.449
154.517
188.221
178.167
157.819
181.386
180.755
143.262
174.049
190.125
189.272
158.154
187.822
184.097
180.933
181.184
204.315
173.72
181.526
183.147
155.226
186.424
169.938
159.92
150.88
178.579
175.35
146.425
169.316
173.602
178.826
165.764
191.491
173.989
185.612
170.873
161.885
136.726
176.356
161.007
168.925
167.769
169.861
173.813
178.864
182.467
204.781
154.397
175.124
181.166
162.317
173.919
170.393
171.205
180.135
169.503
187.232
190.573
171.25
163.931
173.876
157.572
198.448
173.093
191.966
189.271
187.326
199.292
177.727
196.284
179.113
153.318
190.727
177.518
189.719
193.283
182.295
165.159
171.364
204.211
182.59
173.608
199.891
176.588
159.855
193.949
162.254
174.766
164.233
158.234
167.58
161.019
171.444
163.469
168.211
158.109
156.669
174.436
184.939
173.494
166.349
173.398
163.152
184.206
167.646
181.797
179.723
171.957
181.06
171.352
177.596
173.747
168.917
182.27
167.506
167.841
193.002
170.799
166.329
177.941
179.084
149.957
184.937
194.519
184.917
185.5
189.957
170.105
195.831
178.888
183.704
178.467
167.153
176.443
179.911
173.437
169.051
189.18
194.366
191.16
198.328
185.41
190.942
185.13
187.199
169.071
190.49
189.047
181.988
207.535
199.469
175.402
205.854
171.224
186.31
170.089
200.478
171.432
212.027
186.462
187.567
189.702
208.133
189.972
169.576
171.636
186.944
159.419
188.595
155.097
174.382
174.885
158.664
205.506
183.437
161.946
185.01
175.738
129.464
179.828
190.905
190.48
211.753
194.443
186.832
194.323
176.573
197.434
178.984
177.979
156.455
175.586
192.407
175.506
153.47
153.039
176.989
169.813
167.808
176.325
168.114
169.569
180.809
154.368
155.528
169.205
191.433
180.278
156.73
164.824
174.929
160.311
161.343
167.548
155.991
185.06
163.354
193.374
179.76
159.443
173.372
172.164
171.591
166.062
159.461
165.821
159.728
195.579
166.826
168.136
177.784
173.561
187.441
182.135
182.414
158.287
160.406
169.266
199.377
155.229
168.353
176.897
179.099
155.154
175.183
168.525
158.883
202.668
169.261
185.022
191.69
182.587
185.727
180.474
154.54
211.217
189.464
172.621
157.592
166.523
186.57
159.662
184.273
188.335
168.778
163.283
176.922
185.795
188.828
177.881
158.92
181.195
171.278
184.403
180.287
171.517
186.638
196.553
156.597
181.424
158.897
190.284
167.641
199.456
172.853
162.028
175.94
165.334
199.028
185.41
168.115
159.727
159.197
171.64
119.977
155.975
180.597
174.226
163.152
195.283
167.527
170.256
164.419
199.015
168.376
168.675
149.554
166.223
185.479
173.858
148.73
171.169
145.083
173.97
190.858
178.443
174.941
179.611
169.25
166.269
187.984
183.472
173.764
165.39
186.653
181.671
148.838
186.595
178.019
176.199
177.476
168.889
186.581
181.953
167.187
166.429
181.81
202.969
174.406
176.98
168.104
168.023
161.196
194.187
159.442
195.016
179.348
172.304
161.474
177.019
170.784
190.363
182.788
167.682
171.077
166.049
201.946
160.929
173.164
183.093
202.532
181.949
141.667
183.094
46.0445
172.043
156.461
168.654
171.194
188.893
168.67
181.937
172.056
184.575
179.955
180.974
166.372
166.799
167.151
209.084
190.023
169.383
181.183
184.432
159.396
172.145
153.959
173.269
173.859
159.558
200.588
172.705
195.074
164.119
161.168
182.273
177.002
199.128
178.156
184.714
176.358
161.589
191.87
170.553
174.66
173.18
160.37
176.644
165.744
175.286
180.816
162.671
117.548
172.571
176.099
169.865
168.512
176.289
198.837
184.699
174.648
191.842
153.311
190.424
182.074
202.87
183.388
176.334
181.139
174.988
205.85
161.843
178.74
184.756
183.869
159.172
181.832
177.465
181.128
169.328
168.718
169.683
186.393
153.856
189.912
169.248
198.672
180.353
160.47
177.644
196.318
190.845
161.0
187.08
182.944
184.935
188.008
160.677
186.246
175.554
212.921
188.279
161.235
156.97
180.341
170.181
153.031
195.399
185.8
186.297
187.07
161.904
202.657
154.843
187.472
181.604
182.381
160.945
154.397
187.789
166.241
182.63
153.667
168.284
176.098
172.91
188.291
181.046
189.666
170.982
161.023
171.901
159.306
193.308
162.653
194.022
179.667
195.987
164.582
165.437
167.344
185.245
158.104
173.558
168.438
175.204
168.917
181.81
163.716
179.778
205.299
178.609
204.734
174.591
196.169
186.094
209.807
159.323
193.256
175.243
165.701
192.529
177.505
162.215
146.381
149.1
179.772
117.298
207.128
169.292
175.938
186.583
165.013
201.063
175.117
175.442
176.141
151.635
190.394
169.977
179.3
167.95
175.688
178.853
188.772
170.259
173.378
190.121
189.245
193.405
175.583
174.446
174.419
193.282
165.257
178.34
170.889
174.457
179.685
177.888
165.725
174.333
168.933
173.636
170.747
169.957
165.281
181.543
165.592
182.041
183.973
184.496
189.901
174.562
170.469
180.408
148.348
168.2
181.789
166.705
178.595
177.991
171.757
170.342
175.415
163.068
175.554
160.872
189.99
165.943
173.91
165.309
203.26
174.15
185.798
195.436
195.764
186.22
186.933
177.025
161.03
184.606
194.199
152.718
178.119
175.204
181.995
176.38
174.315
160.678
166.579
168.616
177.652
162.736
195.802
162.409
148.16
177.04
171.118
175.295
176.178
144.935
161.012
181.989
147.856
153.644
161.834
167.756
195.438
185.729
154.279
189.81
166.198
176.363
161.57
181.651
155.097
155.266
153.944
165.736
154.55
160.787
62.3549
176.686
190.144
168.609
155.399
174.801
167.646
170.243
196.782
160.616
168.599
187.744
134.725
200.213
183.695
149.227
173.211
163.787
167.254
184.821
175.345
159.256
183.668
174.934
155.51
41.3495
167.204
155.115
181.417
192.818
145.35
182.617
199.849
226.017
162.552
154.503
173.415
148.813
190.77
191.799
178.296
179.468
172.152
184.188
176.681
99.1532
148.033
179.777
161.532
153.898
168.806
174.831
169.793
187.907
167.468
157.834
177.749
180.487
143.689
199.31
174.54
168.601
173.302
176.566
197.583
167.742
147.713
181.864
160.515
165.549
193.348
189.361
179.958
206.082
168.275
190.017
170.218
180.196
194.386
171.205
117.12
197.829
180.262
173.398
168.863
153.319
154.768
176.717
157.109
173.003
155.241
182.009
169.207
174.99
183.173
168.108
154.484
157.218
181.169
158.816
174.083
145.041
182.933
178.268
182.732
188.356
168.082
183.753
184.606
153.566
172.734
158.004
155.539
185.703
195.735
168.514
181.54
200.946
155.146
174.672
188.494
195.916
180.727
173.027
168.278
199.968
170.81
141.152
170.292
180.483
172.682
160.718
184.99
195.682
159.372
181.271
180.476
124.843
172.675
181.711
192.751
186.051
160.282
174.593
186.908
147.861
154.368
165.328
152.032
166.346
155.213
175.002
189.516
184.623
171.124
195.823
185.305
163.352
181.945
156.383
170.811
152.695
186.306
172.443
183.717
171.343
176.972
185.406
173.57
157.019
166.267
177.209
164.205
163.225
175.879
154.168
173.462
148.769
155.044
162.638
175.493
189.074
184.704
152.98
169.478
182.511
90.098
123.114
181.829
136.017
163.756
180.732
176.131
179.635
174.336
164.867
172.17
165.237
173.41
174.164
167.382
177.526
156.99
200.605
151.001
167.801
202.481
171.207
191.485
190.603
158.898
160.094
156.617
163.989
195.829
181.192
177.32
168.717
163.298
152.49
173.357
167.544
173.438
160.682
156.764
146.585
171.892
172.669
193.631
156.236
177.894
162.502
176.083
185.332
174.211
187.509
206.758
163.653
193.42
198.333
166.834
187.222
171.703
180.081
189.976
194.086
171.987
181.741
185.289
159.253
168.952
178.804
177.471
172.533
187.361
177.84
169.441
158.217
180.908
176.771
162.962
197.744
173.603
178.809
174.692
173.762
177.339
189.021
176.015
184.235
166.692
168.363
163.787
151.768
159.13
166.63
165.078
168.502
165.39
164.465
168.056
162.97
157.257
175.769
203.925
181.736
160.246
162.69
169.957
166.089
177.33
199.645
170.529
175.632
174.181
183.709
156.455
154.411
180.446
143.524
169.727
189.951
173.504
166.005
186.188
173.451
171.258
182.907
160.079
176.739
170.222
172.038
191.776
205.505
157.857
196.762
179.563
186.397
187.925
174.423
180.975
177.181
196.43
177.214
189.412
162.758
183.921
190.652
185.332
146.24
162.597
211.269
183.034
182.083
173.1
162.003
181.366
156.665
161.618
161.307
183.098
149.961
159.974
185.427
153.678
181.277
194.838
188.417
165.882
176.798
188.049
170.55
185.64
181.914
186.07
158.484
171.31
181.304
134.191
197.739
165.02
155.18
190.881
175.434
185.402
169.664
169.184
182.957
180.282
182.076
159.379
176.619
185.905
153.528
190.813
153.952
180.531
94.3825
183.979
167.726
179.289
164.898
191.474
158.491
190.272
187.221
197.657
153.464
155.21
196.491
159.571
202.899
159.252
216.1
164.364
200.811
193.027
185.738
165.556
158.465
199.188
152.02
163.49
198.049
139.355
185.506
177.488
155.461
186.187
173.749
166.906
168.278
178.422
162.981
177.716
189.153
163.632
173.769
160.704
191.667
171.112
179.592
178.5
172.212
182.475
155.872
166.702
153.046
168.765
167.171
177.578
192.983
148.562
176.756
162.664
158.751
191.687
166.283
154.615
159.119
170.052
168.884
157.409
163.333
192.911
153.659
166.438
185.472
191.37
173.948
152.578
178.517
158.188
151.017
190.129
181.249
167.688
167.232
187.264
173.385
204.28
199.01
181.926
168.644
173.093
168.244
163.169
183.074
177.819
184.576
150.182
170.222
195.174
153.217
170.947
189.84
158.363
171.343
166.918
204.946
185.989
178.486
159.175
169.38
179.875
152.918
175.304
171.16
154.38
143.493
188.039
193.115
191.68
172.079
195.332
186.846
156.977
182.498
196.558
176.711
171.823
161.772
186.789
181.837
176.796
195.08
157.542
184.674
186.754
171.171
174.054
175.484
175.298
193.277
172.414
175.731
168.244
164.879
169.419
180.419
168.309
159.523
164.167
171.068
164.124
143.125
189.831
188.664
172.723
159.181
151.816
174.728
183.371
179.119
164.625
180.748
186.644
176.368
202.866
179.951
174.787
171.348
175.147
200.58
203.327
173.286
170.695
166.746
196.442
166.522
176.434
166.128
185.101
155.671
184.47
165.91
157.223
162.606
159.909
187.268
180.839
168.901
186.847
179.7
164.705
172.425
165.766
161.293
156.849
169.482
191.19
170.029
150.578
158.314
156.288
160.913
178.727
172.842
182.128
174.037
163.913
189.044
158.04
153.839
167.976
180.911
158.155
167.968
176.346
173.228
157.267
165.656
180.24
143.273
177.715
184.207
164.566
175.097
159.284
168.194
171.808
169.933
174.126
179.953
164.955
170.723
172.803
168.488
169.772
176.389
142.533
176.124
147.964
186.432
176.884
193.607
175.783
168.07
178.769
200.238
178.383
179.493
198.352
170.417
154.559
177.88
178.589
188.699
166.321
180.446
169.055
188.262
178.473
167.098
158.855
193.482
158.122
176.315
183.641
183.025
198.44
159.439
150.143
177.543
156.656
170.113
174.217
145.324
141.398
169.429
169.82
171.904
190.278
208.732
184.161
167.945
170.343
203.721
169.2
181.131
208.935
178.554
150.666
181.609
195.959
177.186
186.764
178.305
146.715
188.847
170.906
178.364
162.921
170.587
151.492
179.33
172.835
164.853
193.278
179.262
187.158
171.323
170.249
200.685
156.763
216.209
156.175
176.233
177.918
155.437
165.167
182.726
181.839
166.486
186.009
161.303
186.585
162.209
188.968
191.23
170.728
118.759
164.989
187.019
190.765
173.979
160.505
179.235
183.188
167.547
177.051
181.421
189.588
175.872
190.474
186.914
176.115
182.297
184.172
167.199
178.52
192.289
169.534
166.812
170.294
182.473
195.098
161.7
179.111
185.177
168.483
207.36
172.995
182.546
176.411
178.062
192.896
171.352
174.326
166.575
169.949
175.651
198.627
159.817
144.228
143.61
198.738
169.793
162.973
175.436
199.966
197.616
182.328
171.859
95.4627
186.456
174.011
180.59
169.391
167.542
169.717
145.131
168.787
184.007
181.323
150.408
135.505
156.706
190.567
185.02
174.454
170.635
197.362
163.899
153.765
190.531
176.501
171.495
168.773
177.996
193.54
172.93
189.96
157.459
164.971
201.152
187.081
186.115
167.939
181.796
181.797
162.92
172.945
181.888
177.504
152.211
188.241
165.105
177.084
173.846
153.573
170.716
201.996
175.378
189.461
183.487
158.908
173.511
212.777
163.27
176.878
160.245
175.051
190.006
175.154
186.373
191.687
176.068
170.423
173.059
135.409
178.59
170.387
181.559
150.073
158.74
179.445
165.09
176.385
160.762
178.797
172.597
159.728
182.159
185.609
173.412
155.892
167.283
184.276
193.096
163.583
152.749
193.844
191.547
179.573
182.799
178.231
182.037
169.36
172.741
152.968
179.601
155.82
159.961
183.203
192.022
144.981
174.903
184.039
188.776
176.7
181.351
191.687
181.309
177.714
156.503
162.591
167.676
156.927
174.521
171.035
144.912
185.862
174.339
183.188
172.799
150.976
183.193
147.816
165.398
184.759
176.178
162.465
179.456
169.475
136.455
200.13
165.581
185.046
180.435
178.835
186.394
172.024
