185.3
162.895
206.467
188.316
183.444
187.244
182.149
189.445
168.294
178.023
191.867
186.548
170.798
187.091
187.019
166.544
150.608
169.326
205.771
196.635
187.024
186.534
182.765
202.811
185.2
173.039
194.821
190.482
183.236
187.877
167.991
190.798
186.205
179.628
182.84
164.929
176.529
187.26
180.544
172.962
184.431
186.867
176.931
165.699
169.4
192.605
184.661
173.528
177.265
162.176
189.838
201.224
187.275
187.002
176.947
188.902
183.7
191.264
166.076
157.64
170.788
203.48
193.911
193.086
158.533
185.387
191.042
205.009
176.123
162.297
191.579
196.827
180.174
188.114
195.2
184.001
187.564
204.696
171.792
184.163
180.203
167.377
155.369
197.937
157.34
163.583
168.768
195.672
166.662
170.101
193.017
177.675
182.928
184.321
144.714
191.653
158.018
167.375
203.771
167.09
178.031
192.521
168.452
167.336
195.76
183.626
186.939
180.173
188.464
202.93
178.94
205.446
178.248
201.419
168.804
175.595
166.322
191.732
199.619
181.884
203.921
198.156
183.217
195.174
176.649
187.322
183.365
177.778
190.012
155.955
176.414
189.693
190.83
171.201
170.311
170.051
174.262
188.335
190.084
179.078
169.973
167.999
181.544
198.698
220.786
192.659
157.782
166.126
160.499
184.711
175.048
182.974
175.549
190.873
186.211
169.532
188.708
178.727
189.987
184.997
179.988
179.605
193.728
178.091
192.96
188.553
187.351
201.046
191.925
177.539
184.844
175.468
181.979
214.437
195.27
190.47
174.111
179.005
180.616
178.64
182.332
184.348
182.365
184.115
190.663
167.549
176.029
196.228
188.198
205.955
201.034
175.799
188.892
192.811
180.106
190.26
156.772
153.689
197.051
186.38
194.166
153.628
191.143
203.683
176.433
179.222
172.568
191.262
165.0
176.616
174.008
176.218
167.097
198.374
174.958
182.657
173.337
192.919
192.894
165.094
161.917
173.206
169.838
177.704
178.737
191.968
195.655
203.414
177.212
163.398
157.552
165.737
176.088
188.797
167.568
202.297
174.07
179.712
195.532
182.98
187.013
196.896
159.273
161.827
193.913
170.372
162.37
164.837
173.48
165.621
196.518
202.884
188.358
188.443
177.278
213.571
181.752
180.502
179.93
164.706
190.067
161.626
200.754
177.0
193.046
190.156
184.561
170.975
180.962
174.351
179.235
190.768
182.921
179.167
190.049
211.093
179.06
169.314
167.606
189.276
179.464
204.107
190.665
200.204
181.641
200.779
187.283
155.759
158.582
174.192
181.49
176.257
186.337
178.525
185.558
166.962
173.482
163.592
177.9
173.12
174.244
171.204
185.674
179.945
180.812
186.857
179.887
174.422
180.937
158.649
153.734
169.809
192.109
168.06
223.291
163.285
188.84
197.576
171.929
202.845
184.106
184.16
168.117
205.816
177.317
197.475
178.477
190.295
200.561
173.937
203.473
190.112
177.814
197.572
153.837
193.54
171.624
174.489
215.704
171.961
188.647
179.145
176.086
177.36
183.318
165.305
184.427
178.509
190.214
175.745
195.212
174.469
165.374
173.065
200.272
172.212
180.807
160.09
188.384
180.421
188.477
180.517
188.534
177.064
160.195
177.484
199.802
183.607
187.674
197.972
200.768
182.009
194.629
186.302
200.593
187.457
203.275
185.687
170.908
171.321
176.933
182.658
186.97
188.366
189.449
181.359
180.552
182.68
167.926
192.038
184.89
179.914
169.62
178.229
178.285
174.775
181.411
151.026
193.549
182.766
181.778
187.066
181.033
208.212
162.976
179.207
170.633
158.212
176.523
181.176
203.49
189.918
186.759
185.954
174.218
185.073
169.607
158.958
189.974
161.211
169.359
187.487
176.702
175.554
192.505
201.527
186.691
193.668
178.52
188.174
184.998
175.926
175.928
175.64
208.002
175.004
204.893
184.012
183.936
180.958
179.32
208.936
190.437
179.017
172.595
183.882
176.088
195.274
189.715
172.62
170.894
155.048
179.354
182.194
175.05
183.955
178.009
183.667
175.236
182.035
171.913
175.865
195.552
182.157
187.402
198.151
188.606
169.316
201.464
172.696
198.877
185.583
187.879
200.755
170.671
181.216
204.229
183.622
158.771
155.32
192.199
208.426
203.69
181.494
190.528
191.814
163.53
175.058
180.36
206.691
198.176
194.968
186.066
162.385
195.132
199.116
165.785
185.288
204.28
184.55
179.961
204.048
162.911
160.352
172.213
182.956
169.74
176.938
193.488
203.711
181.743
185.52
178.01
183.908
177.539
204.207
177.485
160.531
158.563
187.777
184.416
158.825
202.14
169.74
179.883
157.281
210.147
203.231
197.169
201.93
151.649
168.49
186.844
183.607
189.736
198.278
189.706
165.665
187.472
193.202
200.64
196.603
194.905
195.759
149.399
174.036
174.394
181.779
195.901
200.516
199.894
183.755
207.747
180.014
180.478
182.195
178.303
184.401
193.29
182.941
187.873
178.276
172.739
185.926
178.233
196.706
165.596
171.394
162.899
180.538
179.388
188.771
164.682
184.876
174.69
171.54
188.987
160.904
173.341
188.521
186.692
157.431
186.1
188.967
161.685
179.342
200.322
190.892
189.989
195.045
180.71
174.194
194.973
179.109
183.672
165.954
203.381
172.07
183.965
187.663
168.071
167.38
184.988
182.669
180.232
192.171
184.385
193.997
176.354
174.367
182.921
178.671
170.986
190.582
153.783
196.056
169.41
184.217
167.118
176.845
165.256
198.743
193.195
177.075
164.862
182.888
171.916
177.115
171.726
193.13
203.569
165.79
174.315
181.015
185.836
179.175
181.306
163.93
182.205
167.992
180.59
182.793
199.927
183.365
151.708
183.932
188.495
180.792
164.76
173.39
169.885
187.736
188.668
159.981
171.891
169.98
167.79
163.42
165.71
167.471
193.002
195.888
181.41
182.993
188.641
191.434
175.899
188.123
164.098
179.931
179.684
163.849
178.331
180.956
172.187
177.642
178.563
194.826
181.785
179.78
176.021
172.466
178.116
191.692
180.606
191.818
212.485
202.377
193.687
196.745
161.821
199.814
172.644
209.414
171.688
189.557
178.735
196.318
181.482
179.968
181.865
167.018
170.803
168.812
171.811
187.921
166.243
182.043
183.032
167.263
200.868
185.686
173.511
186.285
177.419
169.724
183.552
183.845
173.991
184.205
184.985
207.336
172.834
189.74
166.316
187.126
179.695
179.072
180.313
180.038
193.821
174.086
184.918
209.669
171.844
168.638
201.256
179.594
194.012
192.947
162.545
176.58
223.837
175.705
166.87
168.62
161.709
167.666
198.642
189.283
185.227
185.14
178.16
182.162
182.349
183.593
202.625
185.681
181.43
204.041
178.854
174.166
180.437
179.201
169.963
163.311
200.084
165.28
192.353
167.33
175.572
199.565
176.304
197.058
179.32
184.792
208.569
180.096
189.223
194.883
169.513
185.506
184.373
176.792
177.533
177.858
164.316
194.737
196.651
188.602
176.312
180.103
190.223
186.038
166.855
196.741
178.8
197.394
192.561
161.503
163.276
166.229
183.297
170.047
183.683
198.23
186.178
192.201
205.118
177.427
176.932
192.023
183.125
175.156
177.6
188.593
188.005
189.712
192.738
191.738
165.215
162.59
187.356
186.943
147.702
182.147
174.285
173.91
194.125
200.937
175.263
160.505
177.786
187.459
196.7
203.755
181.489
178.2
169.533
193.897
175.208
183.246
179.734
198.546
179.88
179.061
184.049
209.505
198.597
180.59
172.132
169.041
189.4
191.554
193.811
196.079
180.454
183.87
186.693
198.441
152.64
190.229
195.839
190.522
172.801
189.871
178.754
196.816
159.242
199.242
158.969
165.107
185.568
196.756
197.711
192.139
188.353
180.991
177.16
198.866
174.34
165.442
165.978
193.515
205.907
187.444
166.473
176.382
173.033
183.271
184.216
156.197
171.175
189.856
182.688
185.843
173.095
189.597
175.02
184.721
172.077
185.772
173.191
202.716
158.332
171.426
201.584
173.232
193.935
196.866
186.72
177.863
205.295
165.076
179.857
183.016
193.09
174.079
168.999
163.093
195.867
162.051
182.401
193.763
165.848
182.73
179.674
167.819
178.1
180.162
165.865
190.927
205.316
172.799
198.544
172.704
174.248
200.446
178.491
181.999
164.391
187.485
176.891
185.053
176.537
191.91
186.983
172.965
191.9
168.036
170.642
157.542
180.606
177.775
182.872
184.61
174.593
172.018
149.841
199.085
186.397
188.248
188.142
193.53
167.975
180.564
191.418
168.118
194.173
174.93
161.768
191.169
180.943
188.548
199.757
194.088
155.224
158.799
177.778
186.187
183.082
179.284
228.825
172.329
195.224
193.924
171.925
192.648
184.309
201.562
174.925
194.732
206.063
189.527
172.312
179.878
158.2
197.652
198.86
185.301
167.747
175.232
194.577
175.963
170.248
185.366
176.677
186.472
173.729
178.258
171.047
167.297
198.854
171.253
180.862
159.412
202.876
193.876
173.79
190.719
174.553
187.976
164.316
189.661
188.479
179.401
194.136
179.067
163.147
183.488
203.411
167.735
167.689
170.124
154.22
171.678
170.948
169.838
179.41
179.461
205.923
168.936
201.143
178.403
205.142
185.877
204.45
192.182
201.27
196.022
207.702
173.733
169.59
180.626
179.191
181.873
196.817
174.482
198.589
175.128
170.638
203.11
169.225
169.085
183.958
192.634
177.992
174.729
194.057
191.52
186.206
169.027
185.727
181.525
195.201
176.13
205.315
182.315
177.89
159.344
172.938
192.673
183.923
192.349
175.011
169.358
176.435
178.173
171.306
201.652
179.335
172.595
177.035
191.1
187.667
154.931
178.861
179.625
185.761
188.11
184.366
181.212
161.562
165.336
147.929
164.099
172.785
173.334
181.913
198.433
185.181
190.349
173.944
183.46
169.622
174.021
173.662
182.504
183.142
197.131
215.31
185.979
190.897
192.163
144.952
173.268
169.879
188.198
181.96
168.834
175.243
175.645
175.082
167.4
168.121
194.331
202.916
180.953
192.984
182.275
176.182
185.213
177.626
175.05
167.737
179.314
178.124
178.049
184.957
177.14
181.387
181.028
196.505
175.935
182.672
148.941
184.711
186.127
172.693
185.96
175.664
176.566
177.919
176.08
165.71
175.827
178.679
171.616
177.053
196.845
169.311
180.522
171.931
182.335
180.071
174.403
177.891
189.445
176.621
189.209
195.805
195.418
167.512
192.593
168.656
154.33
155.349
194.501
177.724
197.536
179.457
191.524
186.445
204.47
202.58
171.229
206.196
175.637
177.846
175.398
172.628
190.58
180.184
168.781
166.514
198.437
187.284
175.896
190.458
185.691
186.323
148.064
189.681
180.884
165.782
190.77
175.865
182.478
189.988
219.814
181.288
172.699
166.574
189.877
201.956
195.073
169.273
188.044
184.716
179.903
198.463
207.462
165.296
178.798
165.875
185.677
221.848
173.41
187.362
185.129
175.701
198.185
178.187
158.584
162.359
181.263
191.211
195.298
196.21
198.222
187.628
194.772
194.271
181.543
181.43
177.324
187.257
186.456
176.889
188.458
182.385
172.918
183.603
170.975
188.587
166.255
169.283
181.83
166.722
180.702
198.002
167.923
205.913
205.493
193.692
182.918
179.75
188.822
173.665
170.892
205.047
176.112
187.296
184.584
184.084
180.815
194.572
189.657
193.454
170.77
166.478
156.314
188.209
190.951
124.525
169.097
190.679
180.638
184.092
150.339
193.314
181.888
180.54
175.241
212.797
162.52
186.479
180.418
184.108
178.844
182.898
175.157
189.093
184.385
175.908
186.619
182.961
199.474
155.269
178.24
175.185
192.828
191.747
204.205
179.139
157.278
176.802
182.13
178.876
214.249
181.449
178.684
177.113
209.364
175.813
174.743
196.401
167.209
212.561
187.995
191.838
195.74
191.282
191.683
176.68
196.094
187.204
188.425
188.604
187.901
187.301
177.079
196.433
172.904
188.214
189.216
179.882
184.302
138.667
159.303
185.378
183.917
181.266
180.713
201.755
178.405
184.649
168.948
181.132
189.401
162.233
173.379
186.698
189.659
161.132
172.186
193.405
154.436
183.664
178.522
183.257
178.676
164.299
180.56
190.944
191.237
202.366
206.363
183.531
168.381
195.045
180.068
207.473
195.348
178.408
191.65
174.62
164.496
173.966
172.713
196.576
177.13
180.997
176.053
176.307
192.869
193.199
173.572
178.622
195.043
190.681
193.0
184.091
171.541
180.088
187.495
180.473
189.967
202.154
206.13
203.358
172.697
184.995
172.273
182.519
173.046
173.97
214.746
183.913
206.798
190.638
175.165
180.177
186.024
186.403
194.151
210.155
186.4
200.872
176.784
171.218
200.625
180.962
195.251
180.581
211.59
182.052
207.242
165.429
141.306
189.461
195.134
180.648
188.145
167.614
187.734
205.841
186.576
177.753
168.939
176.147
175.242
217.781
197.997
185.722
156.019
181.897
198.685
165.829
177.131
170.925
176.726
193.817
171.928
189.577
199.609
138.062
171.185
196.985
181.33
187.021
168.545
174.813
177.263
190.767
189.598
178.281
191.089
201.75
199.28
175.605
189.283
192.581
198.107
173.997
172.477
182.343
179.369
179.568
205.681
192.211
187.5
181.241
190.99
172.916
156.298
212.932
170.246
198.99
187.63
177.492
194.17
189.963
176.363
203.791
194.084
190.411
175.854
184.963
187.761
171.573
152.841
195.445
160.521
186.726
197.027
213.195
182.022
167.074
167.734
206.077
183.505
197.976
183.581
209.272
187.557
190.384
187.08
149.209
192.777
192.647
186.624
192.369
208.355
175.322
184.796
191.871
151.532
172.187
197.583
186.198
181.289
191.758
185.872
195.284
190.339
173.115
187.88
176.56
171.329
190.894
205.815
91.8617
166.324
184.21
185.372
185.833
163.066
164.966
193.183
193.434
167.844
193.228
160.692
197.638
190.279
165.201
188.727
172.286
177.321
176.478
198.211
165.451
177.203
170.018
163.063
175.244
188.863
197.099
182.013
158.578
180.738
171.89
204.146
181.65
190.235
210.873
211.978
194.801
203.518
181.364
182.551
186.832
175.101
160.446
184.397
186.604
202.951
183.583
169.935
166.125
179.516
192.211
178.145
172.631
189.169
182.379
167.13
192.011
171.153
175.215
173.354
157.267
185.465
170.857
186.166
173.924
191.418
215.826
151.325
172.217
192.135
167.442
169.583
186.479
205.572
170.614
175.988
180.478
188.449
176.368
194.315
201.287
170.736
193.987
169.855
172.589
190.196
188.918
173.764
186.906
195.044
199.489
177.362
165.317
167.785
174.141
174.473
167.255
179.96
191.596
167.525
152.93
192.499
161.104
163.801
177.163
172.662
189.393
187.524
170.361
169.872
155.574
154.517
188.825
192.819
181.495
197.982
176.0
180.434
174.467
172.962
164.173
179.263
177.671
167.234
185.219
190.935
193.218
180.478
199.452
186.892
197.48
178.122
161.998
183.113
164.217
152.154
190.688
207.291
160.554
166.107
195.157
180.438
217.511
200.014
191.605
176.787
178.955
168.104
193.607
166.344
192.752
164.207
168.69
160.458
190.434
196.67
172.75
182.192
174.605
176.981
202.279
184.879
187.007
183.573
180.152
172.189
174.406
178.031
185.528
180.346
206.377
169.883
179.106
179.587
183.833
192.918
171.7
181.32
173.72
186.976
200.842
166.415
177.936
166.834
172.962
180.95
186.019
154.177
184.951
164.785
187.769
210.686
184.304
189.901
181.918
173.583
172.229
189.006
173.723
168.777
179.173
179.01
168.067
175.854
166.007
191.442
175.77
161.353
170.915
181.922
175.622
183.553
192.84
199.973
176.572
177.271
196.02
168.023
182.907
168.613
175.19
181.385
178.981
164.591
176.928
175.746
204.737
187.744
190.46
197.572
179.143
175.529
186.072
164.132
173.965
191.726
177.731
183.509
175.298
170.883
201.557
147.902
187.201
169.069
189.796
196.733
168.257
172.261
191.281
196.034
207.876
190.836
181.057
170.132
202.786
205.775
167.211
186.804
193.754
190.41
215.334
191.246
186.401
188.205
175.113
180.543
165.004
165.822
177.953
166.529
197.272
173.391
175.126
202.198
203.603
185.247
179.735
169.846
181.883
181.731
211.178
185.443
171.879
175.795
197.19
193.576
177.057
170.605
181.558
189.37
192.529
184.798
183.159
180.597
179.331
188.21
200.838
184.73
174.254
170.59
178.523
185.457
190.136
169.081
197.514
193.306
206.303
195.576
165.768
195.687
168.597
177.849
188.812
192.93
173.567
175.582
204.532
179.266
201.53
158.943
126.414
173.269
172.275
184.278
170.138
198.412
173.176
163.531
186.212
183.167
193.466
179.705
195.272
185.317
191.807
184.658
161.99
187.552
178.623
182.64
191.172
185.545
163.783
180.854
192.335
184.227
214.03
155.724
161.492
182.311
188.169
174.103
197.046
181.321
206.458
165.792
187.97
190.505
177.132
174.104
173.284
177.251
198.303
196.557
185.731
186.61
154.102
186.724
164.903
173.123
184.081
205.896
180.697
181.258
177.504
184.052
168.046
186.25
167.376
188.129
181.785
178.915
167.188
169.456
200.63
185.947
173.973
200.902
178.723
172.395
187.653
165.698
205.677
199.254
163.031
197.081
174.374
170.496
165.691
199.378
198.705
170.547
183.875
166.109
172.58
159.04
170.442
185.432
185.462
191.423
162.025
185.99
193.89
175.76
172.83
182.131
171.868
189.451
164.341
185.41
163.136
179.129
184.913
172.086
172.171
181.765
182.159
186.56
180.042
179.931
193.445
181.252
144.791
166.702
164.447
192.372
180.152
200.94
186.207
188.462
176.881
215.864
177.954
173.251
156.159
172.577
163.566
202.294
186.52
190.781
152.734
182.551
177.61
185.274
164.11
204.783
205.406
204.303
215.021
168.886
196.238
169.655
160.107
197.578
208.522
199.75
196.791
200.864
183.245
179.283
182.76
164.512
164.889
176.75
162.281
151.29
178.1
171.552
180.857
197.739
183.182
185.567
180.87
175.118
164.21
166.764
174.799
202.446
170.685
145.993
172.668
177.125
176.302
183.858
211.354
204.441
178.891
199.859
186.584
176.76
174.48
179.452
191.294
188.663
166.219
164.952
165.534
197.041
201.745
183.798
189.013
216.337
179.015
179.651
179.658
155.92
190.508
178.28
170.401
184.111
160.03
194.512
214.999
192.263
178.75
193.374
180.062
196.5
164.751
181.852
162.225
193.078
194.696
186.321
161.19
151.035
180.095
167.575
189.793
174.011
184.171
176.026
186.895
186.637
182.437
182.038
176.685
174.518
192.091
149.58
185.51
204.506
166.632
183.773
194.443
174.467
181.961
196.854
186.234
188.496
191.323
158.043
184.059
168.375
194.422
189.397
176.402
163.489
186.256
192.225
172.55
161.504
179.687
186.244
175.6
218.173
195.175
182.283
188.968
181.254
162.729
168.558
179.002
180.459
177.895
182.299
191.166
164.648
152.834
172.298
176.69
202.748
168.663
179.949
195.793
176.752
195.659
155.996
177.709
169.399
181.674
190.879
189.198
171.558
167.856
183.057
196.106
183.465
180.315
166.382
175.42
183.698
191.832
181.615
174.576
146.467
162.634
180.737
170.15
189.454
172.57
184.21
172.296
174.314
168.096
184.877
187.69
158.849
176.849
179.852
184.147
205.136
182.19
172.593
188.251
178.402
171.982
166.543
157.27
179.695
191.242
182.934
180.227
172.497
179.338
148.173
190.139
173.661
168.619
201.254
146.021
159.602
167.25
177.811
162.451
207.736
189.663
190.37
166.07
185.034
181.975
202.632
190.653
180.569
161.083
150.445
178.787
184.834
163.339
179.345
181.416
194.362
178.744
175.195
173.787
188.651
174.742
203.345
175.661
201.077
169.153
185.425
162.987
181.635
177.488
173.287
188.331
189.599
189.826
186.657
177.95
197.026
173.046
197.766
171.345
183.002
188.091
186.899
143.091
189.787
172.336
164.875
199.151
177.471
202.718
166.309
165.91
171.73
183.563
183.161
167.656
188.488
179.969
203.156
169.246
206.269
197.845
183.541
208.429
187.071
172.053
172.771
171.352
180.868
165.907
175.907
168.954
182.309
174.553
160.634
201.116
165.339
190.669
171.778
193.778
169.997
185.355
163.527
179.882
185.859
172.855
172.181
192.716
154.15
193.511
191.926
196.68
183.434
183.413
169.381
179.965
192.461
185.754
200.153
183.465
176.459
185.037
178.353
192.287
170.737
192.501
181.739
176.201
187.733
184.325
200.642
177.171
160.823
180.493
175.189
193.69
176.827
183.861
175.117
179.196
188.414
172.303
202.35
181.547
185.445
192.233
187.42
173.318
166.042
178.325
200.937
179.251
194.055
199.098
184.178
185.743
199.734
167.742
170.463
202.535
180.368
181.773
188.062
181.329
168.012
174.744
181.94
191.138
179.023
159.322
157.863
182.109
177.032
190.384
207.193
200.037
165.365
211.25
175.272
222.102
166.66
180.82
177.73
163.937
186.613
200.784
180.538
198.07
177.831
174.983
190.067
182.779
192.909
180.366
174.293
188.503
183.224
176.872
178.411
185.571
158.642
152.202
153.544
170.894
173.861
194.362
170.261
176.62
182.409
164.7
194.242
194.561
184.19
168.341
169.631
178.686
174.569
190.973
170.463
191.925
181.435
174.093
205.501
180.406
187.33
208.349
182.801
173.518
176.674
189.408
171.912
172.398
200.488
180.867
169.072
184.592
176.579
159.655
148.854
195.108
201.366
163.719
181.258
175.715
182.82
196.002
176.306
165.431
172.088
159.597
162.456
175.415
186.402
180.642
196.685
174.923
194.783
200.701
163.063
184.001
166.447
165.686
205.594
197.573
198.123
190.792
181.579
189.516
187.465
178.104
167.805
190.011
198.896
182.406
188.027
171.784
184.542
196.525
188.7
169.148
194.014
190.449
165.257
158.839
190.456
169.947
198.336
163.776
189.125
177.332
201.314
198.679
177.046
188.433
193.155
173.515
164.507
155.223
210.222
185.775
180.2
178.125
174.796
182.01
159.956
178.237
187.851
175.825
170.084
183.256
196.221
182.643
168.609
151.778
198.732
210.888
195.743
178.08
190.675
163.122
188.303
208.688
177.369
175.582
210.681
148.224
204.725
158.08
174.835
195.669
165.115
181.029
154.087
191.487
204.347
169.627
181.95
193.769
195.607
171.768
173.096
192.56
164.634
175.182
164.792
195.116
173.266
175.925
171.237
168.384
182.565
169.93
148.182
173.282
175.539
187.075
181.412
184.956
187.459
190.863
160.551
184.147
135.177
192.69
181.972
159.158
195.11
183.767
177.867
162.057
215.809
197.706
158.538
181.854
189.517
176.19
153.217
175.168
146.418
166.865
180.685
195.677
180.889
142.442
160.653
187.739
197.518
162.344
183.266
129.404
177.036
180.81
178.638
192.444
164.783
172.17
186.258
177.179
196.024
181.509
204.482
176.129
179.816
200.457
192.371
163.215
185.148
168.952
192.517
174.574
176.074
185.78
174.614
165.512
164.012
162.636
185.981
189.241
181.461
171.159
177.491
172.768
190.437
208.638
172.33
188.961
195.091
173.792
177.977
173.164
183.373
200.879
176.985
174.56
179.697
186.011
187.053
189.652
188.867
169.187
179.84
194.991
180.005
183.157
177.67
190.847
195.821
180.457
194.466
184.776
182.609
185.736
190.89
170.193
181.998
174.537
189.182
187.239
179.648
192.05
179.64
197.137
174.207
205.779
178.418
188.333
166.414
194.517
164.824
157.242
183.313
190.609
203.914
195.398
173.528
202.872
194.361
178.283
171.564
184.94
179.545
171.564
199.143
184.967
180.373
186.397
202.05
155.201
177.633
190.948
184.551
169.202
179.637
176.602
184.029
130.606
181.169
182.101
171.01
183.064
182.703
173.015
180.328
179.067
200.812
187.079
176.314
175.841
179.85
173.438
186.182
151.905
193.329
183.096
182.395
179.585
187.982
175.27
178.766
174.53
166.94
190.421
175.732
184.396
199.349
168.423
177.448
159.658
174.532
191.213
165.612
173.954
184.698
164.911
172.024
193.919
187.33
177.245
172.651
181.185
175.394
169.073
189.643
168.957
172.151
199.584
200.868
174.145
183.863
165.31
194.642
165.57
186.715
170.486
213.326
185.862
179.852
194.837
173.341
176.558
190.861
170.3
183.43
177.938
191.167
182.206
190.804
191.451
177.457
192.57
193.855
190.68
194.052
199.068
158.033
196.174
174.559
160.009
182.494
163.669
176.003
176.929
176.018
161.273
180.805
187.33
174.699
181.166
189.92
189.903
184.48
193.36
165.621
160.127
193.656
202.565
170.259
191.276
187.142
165.44
177.157
193.31
194.358
195.645
173.339
193.693
173.182
186.067
165.63
187.774
180.854
160.508
179.355
181.412
169.393
203.607
178.734
166.674
204.848
181.677
177.071
185.811
148.576
171.124
163.147
193.479
174.174
194.166
180.878
181.821
189.346
162.106
170.001
167.71
201.294
166.709
184.181
178.285
172.592
172.147
167.083
182.507
204.419
163.08
198.671
184.068
187.807
167.693
181.123
184.421
192.367
159.0
166.796
168.246
172.382
168.178
151.674
161.024
169.415
198.6
179.745
175.782
168.315
189.811
176.638
176.785
169.098
187.402
157.321
177.474
196.06
181.178
181.746
173.226
205.119
191.462
180.89
181.787
172.842
223.349
173.072
198.408
185.286
170.632
173.904
185.894
221.646
173.436
172.021
163.423
180.761
172.317
197.595
177.573
164.378
166.292
190.08
207.06
170.911
168.233
168.707
161.54
177.515
185.581
186.738
205.646
187.171
202.433
181.626
159.02
181.465
185.538
182.526
183.168
192.822
166.124
194.431
171.369
186.602
179.394
182.472
166.955
200.901
184.271
177.367
164.818
191.409
180.174
178.998
172.808
163.079
168.8
174.452
158.127
172.551
181.855
152.074
168.713
183.391
193.521
178.134
155.172
168.963
192.249
185.349
193.949
174.771
193.179
167.969
174.291
185.729
176.223
165.516
154.781
181.774
167.49
176.924
170.075
170.211
182.538
180.94
192.55
205.059
181.684
192.594
186.693
180.978
175.192
192.935
165.497
191.781
185.005
190.085
170.742
184.278
184.747
197.941
196.919
168.977
170.498
196.627
190.66
175.206
218.422
181.846
177.867
163.228
155.822
198.4
170.812
191.191
176.074
181.938
176.249
177.501
211.44
187.63
196.753
177.479
176.981
172.026
188.733
186.09
193.145
176.428
174.422
194.411
174.48
188.835
193.313
213.464
181.852
202.215
151.559
169.723
188.26
186.634
189.165
197.858
183.334
191.497
195.632
193.797
168.444
177.994
171.915
163.748
187.159
166.016
167.555
180.831
186.8
182.106
207.393
180.605
183.51
189.915
178.172
165.776
200.748
179.341
180.855
184.173
194.897
175.649
179.514
174.261
179.323
165.558
172.016
158.741
180.137
183.106
176.71
190.836
187.95
189.899
177.309
159.936
194.77
183.806
165.85
171.21
188.763
182.336
176.499
186.556
170.833
174.946
189.882
178.736
171.776
186.163
181.297
193.188
213.381
189.844
200.087
184.703
185.279
168.283
179.508
185.28
164.539
195.452
177.248
190.477
183.338
166.527
156.662
164.427
163.484
158.754
175.439
186.825
197.021
161.29
180.722
192.887
173.426
173.286
143.902
186.529
191.2
167.26
164.291
190.347
189.195
202.894
191.822
182.39
178.967
179.661
177.518
169.849
172.08
174.073
128.597
175.59
189.669
184.9
184.835
185.576
176.771
173.677
181.896
159.374
184.08
164.197
184.249
160.348
179.471
172.564
165.376
211.758
193.293
187.458
186.201
195.469
206.362
181.445
171.505
193.335
204.95
192.225
201.613
177.557
181.368
180.728
200.026
182.429
173.787
200.309
199.466
190.575
180.493
176.907
199.202
195.52
203.126
172.387
181.235
175.519
200.572
183.415
176.389
187.085
153.993
180.897
185.225
166.242
164.487
191.939
189.578
149.39
179.614
191.919
178.393
173.766
175.406
180.106
179.81
180.842
179.097
151.148
174.166
182.633
206.863
180.627
186.712
173.063
173.108
182.653
180.307
180.417
171.383
179.045
178.149
169.668
164.928
189.528
194.072
187.373
210.813
182.125
169.766
179.564
203.94
169.322
202.107
165.684
183.029
183.745
192.794
195.675
182.541
182.148
206.008
173.889
169.53
198.483
184.91
170.645
176.094
183.025
204.853
185.549
186.034
176.405
215.961
182.178
206.213
196.28
194.701
203.797
205.497
200.518
159.337
180.767
196.045
199.994
185.587
174.359
172.758
205.8
175.979
181.604
174.775
165.281
166.709
183.793
165.982
183.907
168.801
182.263
186.142
181.465
188.636
180.693
163.499
179.035
176.203
187.493
198.233
196.831
161.223
178.804
186.421
183.993
185.033
200.466
181.28
170.277
174.524
163.747
184.882
183.503
191.906
193.889
160.684
175.018
181.64
176.025
178.151
188.523
186.43
189.316
191.86
210.515
183.832
189.262
198.596
188.085
189.136
187.391
184.819
178.035
172.132
173.587
198.83
171.511
197.852
200.883
203.326
174.803
179.797
179.264
187.861
192.768
188.576
175.135
171.345
169.233
161.291
169.87
164.823
185.274
170.879
192.241
194.837
189.853
171.611
158.82
170.386
188.73
185.554
167.372
156.16
172.462
187.674
183.89
168.758
170.846
173.848
183.64
196.13
183.11
172.26
179.418
187.487
199.39
185.662
176.601
172.295
189.035
179.659
182.685
176.313
201.251
179.57
190.391
173.083
190.372
191.19
144.064
205.444
192.599
179.225
174.723
172.791
180.936
180.333
183.742
190.037
185.03
162.516
186.413
191.162
196.408
173.398
197.899
180.664
173.06
187.454
148.058
179.871
211.494
193.324
191.908
189.287
207.971
195.065
187.469
195.02
168.643
185.59
187.244
166.153
184.1
185.26
193.961
161.786
166.086
182.011
180.693
193.871
201.286
175.204
183.062
185.624
165.564
185.268
178.333
191.716
201.987
187.345
213.184
179.46
168.365
201.783
189.433
182.401
192.52
198.522
170.305
169.807
166.379
163.007
177.613
154.821
184.024
167.867
186.081
164.256
191.663
178.709
218.299
174.408
185.795
204.183
184.303
201.834
184.159
185.219
172.189
191.674
172.634
163.744
211.669
165.608
197.824
173.004
184.695
178.914
120.813
159.967
169.646
187.006
152.7
169.403
169.601
194.726
184.996
172.335
176.566
180.073
189.909
176.46
168.893
204.968
182.032
173.681
173.859
183.884
180.183
171.909
176.136
193.351
183.663
159.327
157.395
183.915
173.784
192.957
169.434
170.709
180.818
209.895
186.271
183.102
179.588
173.399
171.284
196.581
185.122
192.801
170.317
205.833
179.267
183.726
202.989
170.07
194.299
204.462
154.868
177.796
182.48
189.772
180.658
176.117
169.624
162.496
206.035
159.328
178.202
179.708
195.029
177.963
172.85
179.302
204.049
187.908
171.071
165.956
188.56
186.315
201.643
180.76
146.304
200.439
163.902
164.809
195.289
192.096
163.977
177.056
187.819
176.836
171.553
174.929
184.532
183.38
179.762
167.815
166.31
184.724
204.021
156.458
177.726
179.316
171.562
173.089
195.654
171.683
199.508
191.9
199.506
171.48
175.266
177.033
159.126
200.761
186.165
183.186
185.054
195.302
200.772
199.392
206.505
183.047
181.182
186.165
168.086
180.322
200.983
184.354
194.723
176.242
159.26
173.941
192.759
180.778
181.802
196.799
187.903
187.57
194.182
203.134
176.12
191.397
182.075
180.069
179.572
173.571
163.4
199.232
185.392
168.891
180.737
177.569
180.77
186.334
172.855
202.78
188.025
187.718
188.712
164.803
203.195
190.714
200.232
176.32
169.293
190.503
189.311
201.65
169.687
186.692
160.306
174.242
163.192
183.756
199.301
182.446
190.269
165.413
165.649
176.743
176.796
201.786
177.7
184.668
202.842
176.874
207.829
172.666
171.619
176.936
185.874
173.443
174.37
156.603
192.191
186.611
180.048
179.183
185.957
178.389
165.541
162.203
190.141
192.168
196.36
202.509
177.264
177.774
195.243
178.302
163.956
183.922
160.241
189.014
163.409
188.396
174.996
176.957
193.295
168.873
171.601
171.093
196.205
210.164
188.291
195.207
192.062
161.219
169.149
174.672
186.25
185.688
177.482
189.459
181.738
170.888
174.417
173.912
193.108
168.636
175.864
190.424
162.965
154.605
190.37
190.677
159.803
166.584
176.395
172.978
189.483
185.946
170.996
187.888
175.687
204.676
217.325
172.384
176.668
182.294
170.574
191.013
185.052
198.191
164.728
205.804
187.674
196.393
163.126
196.848
165.233
172.615
190.213
202.331
177.31
202.086
173.252
178.528
197.984
185.574
193.077
177.565
178.4
201.789
180.333
193.653
211.031
185.246
161.237
170.165
181.246
187.359
170.258
181.553
212.464
171.462
186.977
182.57
216.058
190.387
191.474
95.8978
160.123
188.852
190.459
202.239
163.611
168.722
168.338
180.07
198.744
167.5
177.011
177.949
190.245
170.742
160.045
194.118
170.507
189.541
190.674
177.835
205.682
166.751
171.98
189.304
181.13
171.996
187.252
151.088
187.902
179.992
181.229
180.472
172.881
195.997
172.267
177.337
183.376
155.106
196.913
201.997
179.506
156.265
191.528
162.72
160.476
184.398
196.699
192.913
172.578
180.453
209.244
174.188
194.174
190.448
206.067
172.031
159.35
168.983
197.884
161.52
182.281
152.852
179.676
187.547
178.285
161.442
182.116
180.893
194.497
205.176
178.841
188.876
190.668
164.632
184.35
182.148
186.707
164.51
186.251
175.344
186.088
179.757
201.192
184.472
168.979
182.327
182.809
180.943
192.882
169.589
190.693
202.647
183.324
186.317
190.558
181.911
198.683
196.844
194.356
191.968
175.909
181.524
170.524
198.493
182.293
182.66
183.386
182.56
159.442
177.187
155.703
188.775
188.342
191.251
187.791
185.605
184.545
159.271
193.002
168.995
193.567
182.404
180.708
166.949
173.253
217.152
212.571
180.688
181.361
184.165
185.689
180.902
165.588
174.326
182.689
191.917
195.946
162.777
166.255
181.5
172.212
157.648
200.058
181.074
161.651
189.054
168.385
183.658
193.319
208.281
214.187
188.639
174.542
175.146
185.741
181.144
168.777
176.284
163.068
207.696
194.309
171.546
182.296
181.581
184.366
185.684
198.057
225.631
172.794
180.084
200.585
210.742
188.479
160.373
174.438
186.035
191.138
187.334
181.642
182.116
175.539
205.234
180.444
162.874
179.372
184.901
168.659
192.409
173.418
173.808
217.022
188.367
163.613
185.331
195.207
190.493
170.74
181.743
169.77
194.857
163.94
162.474
176.112
176.888
169.03
176.948
190.621
174.239
200.663
187.426
208.826
192.84
191.572
185.443
193.608
170.301
189.708
176.321
175.249
170.83
187.899
182.625
185.007
182.349
192.212
187.256
203.721
168.873
167.415
182.289
181.836
185.868
181.366
170.705
179.009
171.392
186.314
176.453
188.084
183.207
193.013
169.85
182.155
178.341
187.987
184.293
187.47
186.826
180.835
197.871
180.167
211.502
184.834
174.674
179.363
156.936
197.021
177.52
169.435
184.321
183.857
176.379
197.143
193.955
180.512
206.705
163.846
177.106
185.196
166.466
173.297
186.241
186.663
172.451
195.788
173.205
191.023
179.0
176.688
174.023
176.704
205.087
173.021
182.028
201.263
189.382
199.805
195.437
186.657
171.806
164.72
185.305
170.038
188.057
188.56
178.108
187.359
179.759
168.357
179.706
187.628
177.561
191.616
186.79
197.037
151.434
177.314
179.247
159.495
169.401
187.804
180.896
172.479
204.462
185.408
174.92
159.54
170.693
192.957
170.721
197.638
178.152
178.319
197.286
176.314
182.24
185.092
193.034
173.787
192.856
191.964
167.139
186.478
167.276
168.752
181.09
189.459
152.136
181.199
186.491
168.277
175.006
171.79
191.374
187.074
184.367
188.606
180.804
187.053
180.999
192.799
176.506
165.512
173.807
182.502
168.882
163.307
155.718
207.457
176.356
169.728
180.183
200.203
177.544
192.124
196.493
191.902
195.733
170.661
187.659
201.19
180.813
175.271
207.339
192.708
183.638
186.981
199.673
168.499
176.351
188.586
159.726
193.872
172.524
190.42
173.137
207.781
167.785
187.473
184.08
197.39
160.376
167.522
148.767
192.418
180.691
176.468
167.045
215.741
166.313
195.773
180.329
170.838
197.058
183.896
184.319
187.165
165.164
179.717
176.427
191.549
187.541
154.862
180.893
179.294
190.161
182.217
183.181
210.68
164.88
210.084
175.919
177.716
186.441
176.431
179.983
179.457
187.434
169.578
172.276
175.341
160.936
163.371
189.527
176.057
154.77
169.57
193.197
169.297
166.727
161.314
195.861
177.306
176.244
159.373
186.478
161.596
193.739
178.658
194.987
174.799
172.171
177.588
182.965
178.035
190.287
181.589
166.711
181.407
173.803
195.17
202.197
187.418
167.116
158.138
171.295
187.73
190.893
202.442
173.177
219.974
182.38
184.987
178.03
180.1
169.237
183.816
190.64
163.177
166.351
198.785
207.588
168.057
200.843
177.296
175.45
160.166
172.938
202.711
179.958
184.166
181.285
191.312
172.653
170.9
184.119
205.741
200.141
159.436
189.047
180.11
172.012
176.653
173.729
192.48
176.818
198.318
177.496
181.239
173.015
176.93
170.864
111.042
178.751
184.166
176.465
157.281
147.631
180.791
179.153
176.981
156.836
203.459
183.794
155.702
173.71
172.588
209.218
196.968
166.327
171.049
169.275
172.962
182.657
174.586
166.335
192.537
188.514
190.644
203.372
195.584
187.611
178.555
212.924
172.026
166.244
187.38
178.838
197.14
183.822
175.547
192.029
193.144
172.429
205.455
175.432
173.338
206.176
182.026
166.685
180.314
178.108
178.984
183.03
176.828
182.45
166.207
174.556
170.738
181.817
180.652
178.164
192.802
155.882
165.873
181.227
165.521
186.068
186.393
203.824
180.32
169.201
176.863
185.138
174.353
152.049
205.847
175.717
176.433
196.284
169.389
198.699
208.089
169.518
179.444
188.459
181.994
187.573
173.835
187.638
186.928
197.382
175.065
178.161
196.675
162.067
172.7
184.253
170.266
200.136
161.887
207.87
187.286
186.794
195.599
195.461
173.907
190.611
177.321
172.923
189.863
179.546
176.589
191.369
172.956
179.267
169.51
163.277
183.581
176.369
174.605
175.575
190.656
178.613
169.995
172.535
199.826
176.714
171.311
189.279
187.729
179.306
167.042
176.475
197.027
180.596
164.565
204.545
177.783
151.676
184.988
182.618
162.59
184.667
191.204
187.875
186.21
172.999
185.178
205.0
203.483
191.248
172.486
187.674
183.281
154.657
182.749
181.388
184.882
190.943
197.419
165.881
182.785
197.209
186.02
213.017
178.053
201.117
174.601
190.661
146.751
199.499
181.442
183.082
211.597
182.51
170.583
181.914
177.803
172.068
210.777
183.768
189.964
180.228
193.417
191.513
187.3
181.275
167.569
198.91
188.284
174.958
166.879
178.691
179.112
181.861
169.614
185.264
171.131
195.921
205.343
196.355
185.666
182.273
187.027
182.669
187.151
183.278
170.457
188.569
174.399
180.243
178.039
196.276
172.633
197.513
199.393
171.117
180.155
157.679
169.58
163.568
180.714
179.239
153.186
194.298
187.155
172.341
184.732
170.412
196.821
156.678
175.649
172.883
178.432
182.172
181.47
180.113
183.824
178.74
172.541
154.283
195.025
181.314
181.358
176.453
186.712
195.711
182.041
180.288
165.209
179.195
190.7
168.863
183.066
188.68
169.44
191.971
189.551
180.31
178.808
204.169
177.136
197.482
188.154
183.989
181.198
167.051
195.509
168.305
191.795
161.978
170.279
177.587
191.114
191.554
192.35
166.78
165.266
172.993
183.822
193.44
186.966
193.422
180.294
153.33
192.971
183.084
193.416
196.801
177.593
193.414
192.655
152.546
186.696
170.402
178.118
222.745
186.832
171.532
189.321
180.261
178.463
186.215
189.624
183.765
192.543
187.863
179.931
175.232
187.429
185.601
177.678
168.289
187.885
184.31
175.267
201.774
185.036
192.138
186.768
179.899
176.571
184.504
178.027
200.988
177.039
198.183
165.914
214.244
179.922
164.709
180.737
157.432
172.807
180.775
181.359
184.818
178.547
194.504
173.974
171.496
174.722
179.662
181.225
185.553
185.382
160.84
180.232
186.505
197.279
196.216
163.156
184.615
197.374
182.421
182.272
227.368
183.257
186.219
185.33
176.63
203.693
197.87
181.086
190.4
187.31
173.555
204.229
203.444
197.97
178.688
184.574
188.092
181.826
177.982
170.012
168.874
196.304
200.231
180.847
177.317
162.701
176.803
168.513
178.435
180.034
189.368
159.76
171.579
162.003
159.4
166.151
172.312
168.986
188.546
183.337
186.538
177.135
172.332
189.547
175.83
186.733
156.41
182.207
190.373
203.172
178.858
189.484
177.287
198.189
166.701
190.517
176.235
178.265
179.932
200.182
186.185
170.546
160.155
182.581
182.476
161.52
187.159
184.105
158.551
163.174
190.427
170.285
175.805
185.353
188.686
173.413
190.4
187.185
164.398
178.539
175.472
168.924
189.77
180.873
174.951
171.534
177.586
169.869
196.029
168.143
182.978
175.045
198.542
180.607
195.278
192.886
193.022
142.418
192.41
185.426
197.116
184.422
167.673
204.275
191.031
179.47
176.891
185.018
176.215
162.511
201.708
176.376
183.315
190.51
180.184
163.801
152.497
213.546
182.035
200.128
189.822
169.998
166.903
193.443
173.646
189.537
172.083
164.614
200.624
200.833
216.622
191.491
188.624
169.076
194.419
204.817
177.31
172.552
189.447
164.725
203.97
183.168
191.075
208.882
188.238
176.306
163.78
187.907
178.805
188.793
170.449
196.71
178.152
179.892
177.803
185.298
192.849
193.471
181.976
197.409
189.671
181.715
174.823
173.58
177.917
182.402
181.225
174.646
180.44
183.83
188.82
173.13
178.345
163.778
161.802
210.489
189.758
167.098
180.599
177.255
162.197
176.153
184.417
185.503
186.232
175.431
185.342
190.465
196.111
182.322
169.101
174.243
160.778
156.455
177.605
180.256
182.792
174.715
172.268
184.439
178.244
156.285
188.228
187.463
170.627
168.898
156.625
181.705
183.025
176.5
198.644
199.928
221.733
185.476
186.241
188.633
179.38
180.019
177.593
168.111
180.85
176.979
177.522
189.389
182.321
163.137
183.233
191.205
176.436
194.299
195.038
177.79
168.811
182.02
187.249
162.596
171.898
195.823
192.295
196.759
184.392
197.167
159.822
173.316
173.891
162.074
176.58
189.013
168.111
166.311
187.691
196.825
171.091
182.464
171.153
193.009
186.222
202.607
165.455
180.457
186.795
197.943
168.239
176.682
192.305
189.234
180.746
178.572
198.499
187.041
185.164
187.082
187.408
172.954
187.003
178.178
197.661
168.221
182.138
218.637
183.289
180.525
186.789
168.214
171.18
166.084
173.361
162.367
212.313
185.698
172.907
165.118
180.706
196.633
186.476
174.776
215.523
197.555
202.839
181.786
191.332
187.017
179.087
182.944
181.646
180.455
173.869
165.165
199.635
181.99
185.829
186.097
199.316
170.65
180.213
168.82
186.265
195.994
182.166
149.541
182.596
171.702
181.171
191.622
183.589
192.869
181.233
180.907
176.689
190.73
171.975
180.885
171.669
190.293
169.962
177.951
170.644
185.282
175.844
174.329
173.178
186.511
191.404
183.5
184.913
169.571
165.306
179.433
167.584
183.258
196.804
185.14
175.632
165.466
182.645
174.388
176.232
215.855
194.707
188.09
197.67
160.035
175.353
163.928
181.923
187.503
200.429
161.272
193.436
187.17
185.934
180.008
169.398
170.89
169.436
187.67
183.615
178.1
187.99
188.168
170.462
180.393
168.763
200.245
171.12
169.3
189.3
182.161
194.634
180.496
189.663
192.399
175.624
193.223
176.085
178.33
175.176
155.437
196.742
166.98
177.01
208.397
187.045
187.013
198.69
163.151
195.119
177.649
183.391
194.085
198.287
157.757
191.56
196.385
196.512
195.088
200.491
177.494
183.015
171.093
204.171
178.957
199.7
191.359
178.046
180.93
179.319
167.979
170.437
158.874
164.729
158.207
195.366
181.719
164.167
177.675
159.354
166.379
169.62
170.618
196.615
178.933
187.672
178.74
182.417
190.769
184.608
163.022
185.048
168.864
192.905
192.611
186.512
197.155
178.914
181.296
198.592
185.591
184.312
173.622
181.983
155.238
220.424
170.673
167.673
167.453
206.679
162.971
174.046
170.026
201.387
169.02
199.484
192.655
175.196
181.835
194.772
175.456
169.631
209.698
172.154
170.004
187.542
191.747
182.561
178.993
173.741
186.544
177.535
207.674
190.235
183.928
168.685
180.397
177.036
170.433
191.229
176.81
153.097
190.578
194.277
194.417
176.255
181.414
164.498
174.259
173.355
197.646
171.944
173.459
197.775
195.988
193.391
158.346
185.234
199.525
194.811
181.577
165.229
183.646
199.984
184.106
168.673
179.39
177.456
178.564
186.215
178.707
171.242
203.379
183.028
190.034
188.565
168.806
186.175
187.141
163.674
178.814
215.048
166.096
186.205
174.365
179.834
163.801
178.731
183.452
172.279
168.967
195.178
186.518
179.779
177.793
194.325
145.445
171.442
191.622
213.742
203.259
170.404
192.23
185.93
164.144
174.88
192.904
172.887
196.406
164.583
182.573
190.173
185.414
165.291
178.914
183.011
182.999
191.496
165.498
187.495
180.586
167.734
191.549
163.808
203.631
198.947
184.175
183.417
176.119
174.587
186.655
167.596
179.568
172.627
180.472
181.59
187.148
161.679
182.835
186.868
181.342
200.586
177.734
210.212
182.135
173.505
192.756
173.142
177.913
171.099
168.66
171.034
180.679
171.951
177.088
183.584
173.009
163.588
174.61
200.033
203.885
174.9
198.924
174.508
170.587
165.891
179.439
176.094
164.452
176.825
185.6
192.819
186.412
184.295
163.934
176.615
169.815
213.162
189.042
215.015
179.928
172.838
166.545
180.905
180.8
183.387
186.325
173.332
182.014
157.62
183.189
202.664
200.428
167.898
168.171
175.417
184.971
186.773
184.012
168.809
188.722
191.475
163.556
163.906
198.627
178.692
184.765
194.489
175.709
187.395
184.711
190.175
215.247
175.064
176.653
190.237
187.11
176.0
166.57
163.896
179.942
184.045
168.495
163.832
185.671
186.32
187.641
186.048
179.42
160.438
184.271
191.442
183.568
159.125
179.907
169.086
157.724
166.933
199.225
193.773
190.005
185.097
153.135
181.5
172.406
179.559
178.876
205.037
166.884
195.029
172.214
170.856
180.009
176.339
173.546
199.32
179.392
168.63
170.227
203.613
178.488
177.859
187.305
172.737
201.803
202.77
188.979
197.92
164.291
165.518
180.91
177.391
193.729
175.632
142.111
182.897
201.177
194.902
192.982
187.176
183.57
188.854
187.925
183.259
171.507
185.391
167.646
184.647
177.804
192.845
199.229
192.418
200.678
187.503
174.407
197.153
184.21
192.898
191.086
152.852
166.372
151.782
185.026
177.259
174.141
170.373
192.754
160.318
179.933
182.822
190.089
200.064
179.999
184.64
177.782
206.743
186.2
190.048
182.101
197.383
180.233
166.845
186.691
199.653
183.335
185.822
179.803
187.05
174.361
160.489
169.374
189.089
179.753
179.905
204.556
181.776
178.355
162.888
184.712
191.923
167.922
192.204
166.65
164.567
167.758
194.127
182.691
174.648
169.464
156.626
204.409
197.931
165.2
187.117
180.561
192.48
176.83
157.413
136.765
190.541
185.224
175.57
166.243
166.247
203.159
185.149
156.845
186.153
190.577
173.425
197.046
181.678
169.215
176.604
166.616
184.339
161.324
184.18
208.856
183.379
178.307
179.72
208.062
172.936
180.63
203.391
197.924
176.707
183.155
187.825
199.484
181.939
197.168
195.538
191.698
181.556
178.232
202.053
188.473
166.314
191.11
149.468
189.47
184.861
185.359
191.387
177.117
184.015
188.674
172.325
167.138
194.349
184.52
203.385
165.115
190.436
188.061
183.45
205.025
181.827
204.523
176.801
168.366
168.552
183.996
182.763
194.932
183.519
170.272
177.069
193.589
184.247
178.823
183.872
180.219
200.57
183.74
194.814
161.233
181.648
181.41
207.91
174.705
191.932
156.655
169.432
192.2
172.927
195.132
185.716
190.94
200.42
162.365
167.095
172.22
197.672
151.073
182.479
181.493
167.912
193.677
158.738
181.655
184.186
185.861
176.645
166.44
164.774
159.891
189.241
193.166
172.389
190.78
195.518
187.61
207.25
184.185
210.256
162.396
184.508
180.35
172.41
185.098
191.862
189.504
182.572
178.713
155.935
184.966
195.103
166.999
168.632
171.043
182.913
189.909
167.569
184.122
167.388
214.858
205.01
188.196
187.535
176.718
198.827
176.425
209.374
167.122
143.703
188.523
177.678
193.424
178.893
191.792
187.075
176.463
179.589
189.378
177.053
192.581
166.289
179.688
155.221
196.6
197.171
188.841
172.794
176.35
198.389
167.047
187.571
173.946
184.225
176.793
189.809
191.37
163.495
175.689
184.622
171.696
164.608
166.52
170.663
161.915
169.199
169.929
173.739
187.571
163.291
177.834
164.556
180.093
176.086
176.553
169.959
206.083
193.617
185.065
167.785
175.461
162.751
202.814
188.057
174.077
192.377
170.854
166.069
182.55
175.756
182.403
182.49
183.711
162.467
186.685
180.209
184.237
154.503
169.634
176.85
178.749
185.32
200.509
194.435
161.872
174.844
195.611
203.119
191.703
178.465
188.005
168.693
184.881
183.146
193.801
193.773
192.468
184.659
201.549
193.936
169.659
202.601
166.949
171.85
179.78
156.777
186.008
199.757
188.056
181.535
174.139
175.497
186.996
176.419
199.036
166.527
187.027
175.518
177.892
141.483
174.782
174.99
178.392
202.865
190.896
185.279
209.596
198.989
189.986
174.442
150.606
171.9
215.99
188.211
176.415
178.094
164.924
196.216
171.139
166.134
183.729
185.721
183.125
192.542
176.259
175.675
205.651
190.924
192.815
194.805
167.034
189.252
160.58
177.038
188.291
177.556
178.112
176.773
171.461
164.49
206.47
187.237
188.933
182.058
194.824
161.098
177.803
175.675
173.384
160.558
188.244
188.747
194.419
174.977
162.333
200.008
204.514
178.006
155.595
168.143
179.636
219.667
202.529
184.028
160.286
182.364
176.267
162.531
183.426
177.257
176.615
177.325
187.322
182.781
175.898
166.007
176.769
184.518
168.109
191.93
214.056
190.53
165.388
188.499
193.005
161.802
169.305
182.837
168.275
175.873
197.301
171.323
183.785
182.589
175.498
165.374
145.902
189.098
161.878
180.451
178.797
190.407
179.415
175.672
148.454
161.31
168.127
187.88
204.304
173.015
162.854
191.492
183.801
187.231
161.849
184.444
208.28
174.735
172.223
182.414
191.837
176.072
201.872
165.008
203.236
171.847
201.08
178.093
209.339
165.935
189.091
192.772
168.531
185.744
185.845
197.205
157.689
195.191
166.641
174.993
185.967
192.825
168.04
180.919
167.45
186.123
170.578
173.28
165.678
177.417
185.559
187.68
194.183
184.883
177.908
188.098
189.05
157.943
195.992
144.192
149.564
189.265
190.97
191.64
196.937
164.373
174.896
188.343
208.961
190.26
168.961
172.803
194.185
161.898
177.112
192.822
178.069
179.301
175.494
225.478
176.976
186.238
174.489
184.18
187.497
165.397
155.703
173.656
156.607
172.974
194.662
179.807
167.025
146.581
185.444
189.234
193.844
170.557
167.558
158.174
158.807
174.717
168.612
209.463
199.011
202.757
192.316
170.192
190.026
177.51
183.93
168.192
178.516
171.6
188.058
182.659
188.323
168.969
194.602
169.219
169.341
160.606
160.825
178.936
157.176
180.121
192.375
157.101
166.093
172.495
175.312
159.276
182.504
164.791
193.837
190.226
190.712
189.637
178.4
175.641
167.614
187.614
197.014
180.517
206.019
188.618
180.062
170.725
184.659
176.179
172.033
173.646
187.053
167.083
177.875
186.171
202.297
180.092
170.751
177.12
203.645
185.941
160.373
184.994
153.309
175.101
161.254
186.569
169.074
202.613
180.956
209.817
196.517
181.087
190.688
193.864
177.016
188.372
182.939
166.293
171.923
186.004
182.053
158.909
184.579
185.91
192.382
131.804
176.486
190.167
187.926
188.361
192.032
183.452
192.059
183.674
191.477
192.042
193.947
194.125
164.557
162.983
176.492
170.099
209.22
164.489
189.417
179.453
170.496
164.033
165.95
175.513
181.733
191.126
173.285
195.402
163.018
186.404
182.013
177.371
199.247
171.929
172.164
164.42
164.63
165.653
176.898
175.987
178.026
169.703
164.583
173.728
173.401
161.82
191.912
207.882
183.873
192.057
183.665
165.22
184.464
175.918
175.31
186.44
178.736
188.904
186.275
166.317
152.434
161.11
181.78
182.254
191.476
178.046
178.884
182.476
180.525
186.715
189.075
173.849
196.79
184.812
165.197
175.096
191.445
186.586
166.102
199.107
177.208
180.872
206.805
197.683
187.395
181.778
176.417
160.107
190.67
172.609
213.552
153.256
185.895
189.465
205.458
166.553
186.267
184.701
209.415
165.671
177.555
188.854
178.721
189.37
176.576
197.065
168.01
168.151
159.31
183.928
172.561
176.853
184.922
174.09
175.805
187.71
155.692
172.877
199.286
197.575
173.331
182.978
197.372
179.609
176.765
163.73
199.595
194.543
179.21
170.866
198.661
181.187
174.099
161.694
187.95
167.689
161.723
182.371
165.939
173.449
191.734
180.162
192.855
178.315
174.912
179.357
185.525
189.263
173.646
187.817
195.076
185.75
188.781
185.121
166.144
196.483
177.654
163.803
184.112
168.622
171.491
192.022
204.178
200.391
161.895
175.482
175.134
185.456
171.614
183.289
177.135
184.718
203.708
180.557
202.699
183.7
208.108
177.804
169.732
175.922
182.889
181.91
189.108
192.498
185.244
156.48
175.213
171.174
177.532
187.123
197.886
185.504
175.435
186.269
181.556
168.547
189.513
188.724
189.527
185.152
182.389
186.142
201.828
167.299
173.187
197.661
205.555
191.024
163.709
197.8
177.698
164.422
173.633
195.507
187.874
173.08
161.383
180.016
175.404
196.916
181.966
181.541
190.919
213.252
203.165
176.427
203.332
186.692
177.614
195.081
161.84
187.96
172.413
168.819
190.771
189.092
171.669
197.263
178.049
170.477
174.036
174.129
179.049
150.239
164.498
173.296
190.926
166.624
181.858
158.068
197.491
184.628
156.295
174.583
185.121
192.944
160.809
170.729
184.504
177.599
174.949
174.032
206.116
167.382
149.933
166.889
179.61
191.383
176.938
181.313
185.632
169.643
180.535
199.164
172.121
159.195
178.42
189.609
169.686
184.388
173.961
195.005
176.985
183.067
182.562
179.325
187.174
154.906
167.163
178.506
161.557
193.551
160.716
178.667
179.009
173.02
171.398
176.701
199.52
190.662
169.271
170.962
196.099
181.817
185.96
189.589
185.492
173.697
188.764
194.524
175.105
194.303
175.7
196.057
186.543
183.179
148.013
185.361
153.507
182.65
184.372
200.214
176.732
204.423
180.665
159.082
198.985
163.038
192.405
181.672
195.644
184.586
187.757
167.694
182.388
183.106
180.292
208.097
172.149
174.173
168.133
191.195
163.509
187.304
201.082
189.206
170.284
169.951
175.864
174.755
195.177
185.711
182.313
181.184
164.629
161.0
181.559
169.855
194.443
171.222
183.381
182.564
177.199
184.806
171.069
162.806
177.084
186.428
191.644
199.566
182.796
175.326
191.95
217.249
172.783
194.05
184.121
180.239
168.785
175.827
188.906
182.709
154.17
168.941
185.83
172.295
174.743
194.406
186.245
182.742
184.672
198.84
185.289
209.625
168.556
173.809
186.247
169.894
164.491
179.039
187.694
182.998
180.178
190.255
156.335
184.831
179.591
200.424
181.976
178.05
163.096
167.755
182.592
194.131
172.712
179.072
180.577
173.824
190.486
202.48
194.112
175.473
179.916
194.392
174.224
180.601
166.692
183.893
168.314
159.488
192.103
165.864
190.561
168.008
190.885
177.292
185.145
190.543
171.864
163.787
180.189
168.358
164.106
185.856
180.364
201.961
162.919
198.144
187.491
190.349
169.905
190.765
203.026
185.243
182.811
162.951
180.912
176.565
190.171
207.513
168.05
173.549
184.85
185.136
177.459
177.516
198.799
176.939
172.245
185.032
178.013
175.351
170.566
183.284
171.867
177.407
180.508
213.795
178.495
191.792
187.323
169.776
191.556
181.723
196.109
192.104
179.927
155.535
188.206
169.975
176.646
166.793
184.946
195.188
185.621
191.196
167.97
192.98
164.394
176.482
182.707
189.567
180.689
179.019
162.275
195.37
184.822
191.688
173.151
180.348
178.43
169.454
184.108
194.608
171.714
153.621
183.595
195.39
209.832
205.866
190.657
162.82
180.221
184.131
182.891
192.855
198.634
185.08
188.433
185.188
172.7
165.699
191.138
173.024
193.98
196.718
184.442
202.909
169.798
174.607
198.172
194.464
177.205
157.429
196.756
162.383
162.83
176.719
180.897
186.516
170.095
183.318
181.75
181.607
165.342
185.794
197.285
170.752
172.902
188.827
184.451
186.863
161.894
200.176
163.984
204.385
188.524
177.7
186.796
153.984
186.582
145.764
194.556
212.84
168.796
182.374
171.509
185.879
172.028
178.189
189.386
184.854
155.602
204.687
205.518
191.013
183.004
206.171
214.407
178.864
189.942
191.578
181.865
186.701
176.302
176.473
183.344
177.916
196.623
168.955
157.283
176.663
182.837
190.893
182.214
205.92
170.009
177.596
203.449
179.953
200.094
184.97
189.274
177.105
186.79
192.045
178.252
166.95
175.91
182.359
179.946
190.03
183.484
184.918
198.561
206.869
171.223
158.015
199.928
201.913
188.949
193.052
170.624
179.264
195.685
183.668
190.751
213.063
184.104
204.833
195.603
194.032
180.662
170.708
186.333
162.816
178.49
193.305
182.69
189.422
192.574
178.62
190.599
175.258
179.959
191.038
163.33
174.768
190.212
190.277
179.034
176.7
184.16
196.099
169.764
156.261
163.861
175.693
174.204
211.176
200.281
176.507
170.355
200.398
165.189
203.875
150.809
192.16
182.428
193.324
212.652
174.175
195.546
175.301
167.646
163.112
166.603
155.978
192.431
192.855
179.584
189.614
169.27
180.792
188.258
162.03
179.115
178.915
167.642
189.452
187.083
180.709
156.536
161.489
215.324
180.154
172.788
186.711
203.914
161.82
178.378
191.551
213.214
159.361
178.112
184.317
200.187
158.072
179.813
189.467
173.441
192.215
168.902
179.344
150.443
181.855
190.78
176.562
193.199
173.177
166.167
180.811
178.023
183.674
159.461
186.103
170.746
159.677
177.038
173.203
184.487
168.073
169.112
196.934
177.556
181.391
183.613
179.422
171.411
167.194
183.928
187.345
180.536
179.209
175.791
174.984
165.548
186.732
198.187
189.805
156.749
189.942
181.094
179.101
181.607
170.146
186.65
186.298
170.497
190.115
184.116
188.495
160.45
151.088
173.428
180.769
160.741
194.86
166.543
155.57
180.363
181.924
186.609
180.694
161.535
158.067
183.842
189.553
180.794
168.216
197.213
187.322
158.188
184.623
185.787
188.802
186.515
192.452
201.585
177.826
163.908
185.567
189.221
190.355
183.331
187.195
188.313
177.339
162.184
178.152
185.698
175.268
193.023
185.502
194.227
182.507
177.834
177.035
173.13
172.47
181.357
181.413
185.588
171.91
153.397
180.636
172.869
168.31
200.968
168.326
200.333
181.792
173.697
177.458
186.207
214.457
158.902
161.508
190.552
198.191
181.87
194.528
192.981
182.198
193.067
182.265
181.037
184.923
168.351
169.953
171.643
193.896
193.619
151.234
160.024
189.914
191.917
207.74
167.452
190.363
192.484
201.955
204.287
166.058
164.61
174.09
168.604
174.879
188.123
184.671
170.28
184.695
179.832
222.699
182.118
167.509
178.74
202.944
200.735
197.847
181.838
201.261
172.994
185.749
192.468
184.146
162.669
197.872
176.841
177.787
202.683
200.854
182.333
185.397
175.903
175.507
172.932
169.952
193.716
179.528
171.74
174.654
185.754
187.136
180.117
172.803
160.279
165.004
190.766
181.107
170.516
161.054
183.702
173.64
175.42
200.098
173.432
188.099
206.831
168.806
198.822
194.183
197.576
184.178
208.03
194.985
190.068
191.743
190.962
186.25
182.912
173.328
178.457
174.095
167.292
190.727
158.291
170.072
196.773
183.293
163.23
190.86
188.058
180.381
184.686
181.94
164.414
191.505
168.331
171.488
172.823
188.141
188.207
202.526
170.297
165.595
172.976
183.368
181.077
176.634
163.012
181.097
193.262
200.363
171.305
193.297
188.292
222.095
185.465
191.385
195.08
197.016
189.411
166.584
183.14
165.265
198.451
176.038
180.669
192.004
172.437
174.801
164.916
182.528
201.301
176.913
190.807
180.394
185.649
200.3
145.906
171.47
173.392
198.0
185.516
188.777
176.149
159.293
189.887
203.421
173.318
173.695
161.028
165.231
172.539
216.548
182.696
153.846
169.717
168.645
177.609
175.797
177.371
170.209
197.521
164.707
179.587
184.848
201.807
183.664
186.049
218.457
182.465
195.76
195.218
180.109
182.031
178.458
190.387
170.984
165.023
202.072
187.485
175.08
202.063
170.214
156.916
178.688
198.521
203.351
180.236
164.948
175.966
212.677
192.784
202.035
185.603
180.015
173.004
168.52
178.441
181.322
200.565
186.557
201.21
186.714
183.558
169.234
182.019
196.043
183.84
154.427
185.739
176.894
183.289
191.356
192.841
174.951
202.876
191.188
164.427
187.855
175.029
194.162
170.292
176.087
180.213
179.842
181.575
186.402
199.577
194.558
188.793
174.615
173.086
199.032
188.773
185.337
168.709
196.866
177.324
169.771
181.833
183.671
175.474
161.562
169.288
166.639
173.852
174.046
190.475
199.816
160.249
193.07
176.544
184.661
200.479
189.41
157.68
152.621
184.899
197.642
190.445
194.22
173.754
160.701
197.672
164.707
159.255
204.018
170.178
175.249
169.31
170.635
193.746
163.531
176.463
186.848
186.468
204.245
166.628
172.005
188.165
167.663
169.63
180.547
172.846
195.501
204.991
176.549
181.366
194.225
217.918
175.828
207.394
175.858
172.347
181.513
169.572
166.86
172.342
183.75
192.93
163.397
210.599
163.783
188.119
181.259
161.693
182.166
204.652
202.152
185.421
194.01
186.704
186.116
173.03
168.782
173.051
196.149
176.185
176.959
194.795
178.592
188.13
177.702
186.463
194.236
182.249
210.355
155.426
177.306
173.32
178.933
187.362
179.901
175.409
169.512
176.443
171.107
175.083
180.209
190.688
184.911
179.882
179.364
186.119
166.696
179.427
152.503
181.284
190.242
165.444
181.483
173.523
174.511
201.236
174.196
193.189
188.776
188.205
170.302
173.58
176.403
174.122
175.928
189.638
179.374
168.121
172.239
185.398
158.198
178.705
197.799
186.239
190.864
186.981
161.03
177.509
174.124
178.127
193.164
206.105
177.076
173.224
183.949
176.709
184.58
181.984
166.299
191.427
184.451
191.194
175.088
178.087
179.385
188.976
180.246
172.967
180.309
186.868
171.31
196.443
173.38
196.706
189.758
189.695
169.805
178.329
189.545
177.48
179.746
192.235
194.25
186.35
184.849
181.586
173.746
162.663
175.783
177.541
193.568
192.653
189.597
171.986
180.169
193.999
189.627
177.219
165.565
194.171
171.795
193.434
174.806
186.989
213.721
185.207
173.252
192.403
156.913
174.551
168.668
185.738
176.96
197.772
171.718
166.26
173.707
159.104
198.81
183.054
157.345
178.265
182.58
185.068
183.129
159.841
173.529
166.925
216.184
204.615
160.448
201.97
169.362
162.844
210.037
148.76
175.543
177.568
195.781
190.768
191.05
202.618
192.817
169.585
181.826
190.733
187.309
174.073
168.849
184.931
159.745
181.867
182.302
185.545
185.879
185.56
187.045
166.336
169.51
198.73
194.867
154.684
185.88
199.803
169.647
193.352
178.825
192.113
181.985
201.369
184.82
164.772
166.967
172.771
175.232
187.477
167.373
178.558
197.797
159.058
155.107
178.331
176.973
194.758
162.763
191.425
164.963
189.366
191.025
162.184
216.483
195.178
183.732
193.793
188.408
155.902
184.684
173.269
179.015
179.779
204.514
200.778
185.682
170.003
181.321
176.703
186.956
143.763
197.161
172.32
165.629
179.857
185.116
184.528
184.416
187.68
164.081
165.806
195.761
189.92
211.336
187.901
176.379
181.159
189.148
192.449
190.187
195.315
193.07
171.641
197.467
151.896
180.084
200.838
172.945
187.484
203.167
185.782
187.756
171.827
192.709
165.724
197.383
195.098
174.324
172.44
201.184
171.113
179.25
136.011
201.803
191.758
180.406
180.981
187.12
208.757
190.112
190.637
161.528
183.166
183.244
194.314
190.203
170.19
145.282
171.558
185.986
164.494
178.648
176.813
190.162
179.815
173.271
174.09
206.167
170.345
188.018
186.168
193.004
161.289
154.675
164.122
174.515
160.371
174.092
180.685
194.285
194.479
169.028
170.72
212.983
182.376
188.813
160.045
147.995
168.632
206.913
176.49
162.901
198.902
194.625
176.801
176.431
193.273
186.108
175.675
192.868
181.784
204.122
194.455
185.079
141.96
190.235
204.343
173.146
179.423
169.397
190.414
179.823
179.813
174.392
193.414
182.247
159.306
154.496
207.477
172.561
181.886
169.435
178.308
200.961
168.603
180.757
178.844
177.876
166.308
186.768
194.246
190.74
185.719
172.549
173.97
197.775
189.996
197.218
174.598
195.265
190.567
178.387
170.113
182.289
186.093
200.708
198.777
178.942
163.11
161.201
165.33
187.625
160.617
176.945
202.34
180.161
190.226
163.747
186.0
175.556
166.402
177.295
200.673
206.942
200.052
160.919
163.687
177.113
197.733
169.276
167.49
194.261
198.301
175.234
193.516
193.588
148.121
178.342
196.388
188.908
190.601
170.641
183.851
173.658
199.085
164.646
169.872
175.277
188.012
202.284
198.171
174.575
174.074
183.078
173.514
180.863
171.793
188.794
174.116
170.062
183.039
174.864
185.608
192.345
188.508
191.613
187.622
167.959
176.184
179.337
163.854
198.075
184.397
167.129
196.894
199.589
181.981
168.61
178.899
202.122
181.731
183.892
194.719
186.695
192.773
187.537
174.167
198.634
187.911
168.181
187.105
204.562
196.73
179.07
181.089
181.305
173.279
164.6
175.283
194.694
180.021
165.945
191.679
177.244
155.838
185.944
179.442
192.286
166.824
178.928
195.911
191.769
171.577
196.364
175.797
167.626
194.162
161.481
187.327
178.371
181.959
182.477
188.335
155.023
170.771
167.622
188.34
178.073
198.871
180.691
177.162
165.632
167.554
159.7
194.282
170.958
195.903
168.169
186.095
202.934
204.818
183.513
188.837
167.496
186.28
195.678
171.574
180.37
190.781
169.115
160.211
176.205
205.568
191.083
186.307
165.54
190.657
179.803
183.819
167.487
181.681
187.441
158.613
178.135
173.622
191.445
181.154
171.17
165.922
207.216
192.943
185.237
188.504
169.92
161.105
164.988
194.453
164.556
185.893
189.198
172.785
193.367
164.069
181.942
167.78
177.046
185.316
178.972
197.979
204.327
181.646
191.523
176.067
194.409
187.557
177.143
170.081
190.447
184.079
185.441
184.993
169.385
174.124
156.627
149.141
171.726
181.307
206.33
188.915
198.643
159.042
176.473
200.984
197.679
196.835
170.996
173.801
201.534
163.691
155.877
170.857
169.955
168.067
203.755
191.48
195.972
174.841
182.543
199.284
212.615
192.078
193.641
208.867
200.687
170.206
181.096
197.776
175.789
210.651
167.488
175.918
172.222
163.981
188.786
173.293
200.97
182.639
187.993
166.87
179.498
157.851
157.9
199.312
192.228
192.135
178.498
183.512
184.044
177.799
183.824
188.775
186.712
220.514
170.081
188.195
170.361
176.359
187.672
196.345
180.955
189.755
184.364
185.999
185.413
166.03
166.801
181.978
191.768
190.009
191.53
172.081
170.014
202.088
186.914
187.604
187.96
180.076
173.92
174.32
171.035
176.669
191.611
188.997
203.747
188.065
176.649
184.209
176.847
177.488
182.851
170.338
178.003
200.478
187.474
163.619
157.63
199.761
199.619
184.787
179.262
185.106
155.192
163.204
178.768
179.54
186.609
184.617
186.276
192.306
167.199
158.482
157.024
164.813
188.501
188.926
195.053
162.589
167.099
169.431
173.26
186.919
167.965
175.029
184.585
204.94
163.247
199.867
183.623
183.995
154.309
168.768
173.711
203.552
167.853
157.578
178.34
190.764
180.665
171.972
191.58
181.767
185.011
180.022
194.922
197.414
179.782
177.703
198.943
194.278
168.365
200.561
203.542
184.444
195.418
181.761
182.105
189.531
170.762
186.149
191.558
166.298
164.968
179.532
164.386
169.755
205.577
178.074
194.994
190.904
188.142
172.96
169.538
170.561
186.64
199.909
181.667
209.123
182.09
187.842
192.162
180.396
203.501
180.091
154.91
191.181
176.186
164.298
159.078
176.577
178.92
199.346
198.606
178.897
184.329
181.654
190.809
195.994
185.531
175.989
187.341
185.524
185.561
180.286
201.24
173.121
206.055
180.522
202.496
186.244
177.397
194.103
197.562
184.5
177.61
180.244
177.705
179.422
191.961
182.905
156.431
183.419
189.102
184.79
193.987
195.63
193.23
194.356
186.741
201.072
197.597
163.863
198.736
160.691
178.866
184.945
191.21
156.353
184.915
170.741
183.808
210.056
188.928
180.855
176.247
108.034
160.119
176.393
190.726
178.98
168.628
189.542
182.3
188.397
157.109
180.652
193.205
178.292
183.577
202.962
191.21
168.657
181.802
165.989
194.549
181.681
198.476
181.173
200.766
183.729
215.592
176.578
193.53
190.722
180.198
168.999
170.915
185.81
201.527
212.01
193.564
165.338
152.99
166.714
179.919
212.853
192.382
177.222
176.431
187.156
193.265
191.71
186.862
180.07
207.076
194.05
167.793
185.363
167.892
177.107
193.486
174.747
172.729
179.83
155.438
189.052
187.953
191.648
183.529
222.952
164.087
177.307
171.154
178.6
183.643
179.718
160.803
166.258
196.083
174.81
163.226
170.928
180.666
178.93
171.136
178.377
186.103
180.613
169.209
175.371
184.032
177.759
179.074
196.138
174.43
166.765
183.117
162.945
171.547
167.71
181.468
200.733
175.029
194.442
180.872
188.337
201.901
210.68
174.743
174.448
195.539
181.827
177.111
174.873
205.406
190.496
189.849
170.35
151.814
192.585
171.3
178.349
173.467
174.865
192.276
179.129
180.459
178.726
176.852
169.377
180.322
166.975
169.34
176.216
177.463
174.756
173.927
165.176
209.919
164.034
166.032
199.511
178.551
175.557
181.03
192.298
167.811
199.383
170.364
194.035
163.828
168.934
182.279
181.755
193.538
162.665
162.086
176.45
164.652
180.108
186.939
167.648
182.783
167.569
182.69
199.83
159.904
188.21
183.342
182.264
196.997
185.092
196.209
183.601
168.962
172.028
201.484
167.694
182.014
175.695
179.793
188.87
188.846
176.817
179.641
158.235
160.542
174.104
183.217
191.238
177.262
199.561
175.172
185.901
184.041
187.822
186.558
188.075
168.973
196.344
175.023
197.068
159.215
180.412
180.698
210.166
190.702
159.942
207.26
181.86
186.988
177.061
213.57
180.291
170.088
167.807
154.538
165.987
206.349
190.76
191.788
182.303
180.789
186.635
196.927
191.457
169.091
153.629
192.379
178.307
189.013
194.051
201.403
183.45
175.985
180.29
200.289
167.542
193.756
186.834
195.614
204.501
189.415
168.619
189.646
182.855
170.375
212.654
180.113
196.415
193.487
173.002
193.399
175.241
171.497
176.3
166.895
180.989
192.493
194.864
200.054
179.631
213.623
213.927
188.763
200.605
208.05
179.316
198.294
186.958
176.896
179.728
182.22
160.802
190.803
176.356
193.442
182.839
182.605
201.563
207.976
180.222
192.789
178.643
156.825
170.627
168.712
188.834
191.549
200.188
159.03
153.605
152.397
183.824
184.756
163.228
178.488
195.451
206.308
187.776
179.48
189.202
162.473
182.417
182.444
200.579
181.367
203.72
159.836
200.202
181.055
186.199
171.329
190.278
187.52
178.596
191.357
166.559
179.567
170.823
175.529
193.906
203.285
172.222
179.561
176.434
187.234
177.712
160.969
177.672
160.231
195.987
169.797
169.729
188.712
185.39
203.136
165.593
188.478
184.906
166.717
180.18
193.177
182.922
202.299
194.215
176.808
190.657
193.03
181.536
165.669
201.617
188.899
184.247
181.518
175.851
163.82
202.25
189.75
176.236
204.367
191.571
196.246
179.337
163.358
182.062
174.87
191.735
162.874
168.83
163.698
166.569
199.229
174.001
180.982
168.733
148.063
199.641
183.542
171.76
186.39
174.56
182.279
184.75
179.91
192.749
139.464
186.722
188.977
184.122
197.108
184.708
190.539
163.822
179.059
200.628
194.701
202.911
163.399
181.726
179.23
175.074
178.483
184.186
191.524
199.147
159.601
178.312
190.302
169.094
169.297
189.555
197.913
204.333
193.029
184.022
205.306
199.698
171.091
194.578
196.711
196.49
183.619
194.852
179.754
180.203
179.212
161.013
177.037
168.429
187.816
185.299
182.889
202.131
193.363
164.883
171.896
167.048
178.545
194.619
182.298
179.624
182.003
172.843
174.926
188.429
191.009
190.81
169.301
176.022
171.621
179.051
193.245
199.62
189.252
188.858
188.609
220.271
192.352
174.689
181.544
175.664
213.622
194.549
158.118
209.938
192.791
169.567
199.7
189.253
160.475
172.546
163.977
192.15
162.553
183.612
175.147
186.349
183.46
174.419
175.898
179.924
164.743
174.348
167.324
176.158
200.395
179.136
165.716
173.843
187.643
154.978
203.168
181.641
199.02
179.958
190.243
183.16
194.359
163.272
162.969
212.827
197.553
188.73
200.136
189.896
171.951
163.792
184.087
209.177
179.524
172.647
159.007
180.607
160.011
175.125
165.919
206.469
150.649
172.101
179.846
204.846
186.273
171.48
187.446
172.63
198.595
175.154
188.763
189.271
190.675
162.903
186.723
173.118
188.155
182.359
202.276
177.928
164.797
185.869
169.712
157.753
195.19
186.354
191.16
174.249
200.233
184.858
170.405
173.662
179.998
165.962
171.632
200.189
187.258
178.471
172.354
173.877
191.733
186.373
180.928
173.203
175.3
167.741
207.684
164.605
197.819
174.132
180.928
187.43
139.057
193.029
176.657
167.486
166.733
190.898
180.361
195.465
174.81
188.472
180.506
199.553
188.288
177.061
196.089
180.016
181.598
160.69
168.414
179.344
145.165
171.279
168.588
175.071
195.716
175.229
195.1
163.382
183.794
189.589
185.796
169.856
186.597
172.104
183.614
187.598
177.162
205.13
187.178
195.038
186.265
159.249
160.747
195.913
171.353
167.703
171.728
180.381
189.337
185.242
168.456
186.573
177.688
181.563
169.095
227.349
208.167
189.996
181.183
172.674
187.77
178.025
201.807
158.371
180.731
177.721
182.607
192.834
183.677
157.747
198.845
158.93
184.05
195.318
191.636
176.462
176.404
194.057
170.759
166.707
193.209
187.336
181.472
186.361
186.533
179.388
176.301
193.684
200.039
183.11
195.754
199.336
170.211
176.904
184.952
190.024
212.994
180.617
189.293
174.069
186.016
175.821
169.046
191.555
180.797
185.967
198.024
183.732
151.305
173.518
199.423
188.54
187.452
169.935
193.579
186.606
191.883
174.708
211.801
187.571
191.815
168.055
174.553
177.011
188.682
174.43
181.062
201.243
194.087
207.668
181.648
179.178
192.18
162.986
191.142
146.217
184.202
179.902
157.818
148.939
165.781
160.106
175.581
180.421
180.413
199.006
202.297
169.176
177.044
192.114
213.629
185.781
174.19
169.92
191.712
202.683
182.143
175.034
167.215
191.622
183.035
192.73
178.149
150.675
191.013
185.378
179.147
209.812
200.335
179.649
192.166
165.731
171.038
185.445
168.415
175.992
195.089
175.044
178.408
195.338
193.101
187.961
164.909
166.558
197.89
176.418
202.457
183.436
176.399
159.994
182.171
180.453
172.121
162.665
180.524
183.362
196.614
184.613
200.726
190.74
202.491
188.891
196.9
185.393
182.754
201.695
177.191
176.845
180.277
151.375
190.947
194.078
164.503
191.213
178.048
168.767
174.128
183.976
195.85
169.89
201.103
175.303
174.681
171.991
190.699
196.743
159.522
164.632
192.672
176.334
175.304
176.501
158.235
199.604
191.529
209.631
192.488
163.867
193.317
175.108
165.086
164.757
188.133
182.799
186.585
175.22
183.608
181.869
187.526
189.724
185.65
193.831
203.287
188.329
186.945
214.669
173.679
187.969
165.547
186.534
185.23
188.268
176.199
201.68
168.819
190.622
159.663
178.977
177.505
194.416
172.625
195.578
169.708
189.992
158.455
207.326
191.615
175.776
179.456
165.713
192.586
174.197
200.65
183.164
190.09
175.056
186.767
195.554
174.322
191.019
179.852
184.377
177.807
186.38
156.546
196.959
181.88
180.935
181.974
188.978
179.51
179.019
161.427
180.458
179.998
199.328
181.462
173.76
196.17
176.976
199.586
197.813
211.301
160.715
196.333
186.894
179.433
187.621
159.145
193.579
188.062
182.047
184.076
187.514
178.653
167.652
176.858
190.047
195.938
197.97
183.091
179.938
172.707
180.306
160.119
173.58
188.652
193.818
199.91
176.001
182.675
204.043
192.153
189.301
167.501
181.951
170.001
157.909
193.653
191.492
180.056
202.898
183.514
189.844
192.769
178.549
185.485
187.184
164.695
174.761
173.736
193.298
164.807
190.695
176.392
154.962
185.272
192.274
208.529
163.212
176.823
196.028
157.542
200.101
188.306
208.9
186.502
157.023
179.514
211.671
183.86
187.95
190.251
190.405
200.163
173.028
191.471
184.045
182.811
203.799
179.642
181.555
174.391
170.541
188.28
178.007
180.703
159.562
179.182
176.469
175.287
187.216
186.55
185.282
165.934
186.053
194.305
195.99
197.084
178.324
184.844
172.316
183.274
177.585
174.233
164.94
180.217
174.352
176.681
170.564
184.856
162.482
195.31
206.408
192.214
185.197
178.425
187.053
201.702
140.724
186.054
172.963
177.163
178.382
189.162
172.719
194.735
149.027
201.205
175.524
195.664
176.65
175.81
186.032
166.913
160.302
200.265
188.267
170.559
194.923
173.689
183.587
203.784
182.345
182.943
178.76
180.618
207.814
170.453
182.519
188.884
189.458
177.824
188.11
169.426
161.343
208.646
195.279
206.796
159.36
173.456
197.583
183.071
181.056
177.98
171.259
179.216
205.838
176.431
170.482
187.277
166.775
180.49
188.034
181.155
169.6
182.855
175.823
168.545
187.175
205.835
167.279
184.531
188.155
193.279
169.635
186.431
175.647
167.913
194.187
170.706
175.273
194.593
201.107
180.587
187.713
165.748
184.625
160.986
188.896
169.897
187.959
173.86
176.779
198.354
193.115
189.419
194.584
158.831
166.369
158.408
181.023
184.73
187.833
209.556
160.669
172.134
187.346
218.92
172.635
179.496
169.283
182.096
165.841
170.734
198.084
181.555
177.068
190.745
171.004
195.19
191.942
143.212
194.138
185.743
185.528
186.449
185.336
173.064
167.64
218.522
198.135
188.288
198.948
163.337
179.839
200.451
175.912
176.93
214.006
184.556
195.543
189.013
174.604
195.857
193.202
188.682
179.26
206.413
183.056
189.756
169.077
194.543
186.943
176.655
200.893
185.409
159.799
185.251
165.059
187.426
161.771
205.563
166.612
207.801
151.307
195.129
181.181
170.784
195.722
160.69
184.502
161.304
182.055
196.007
199.575
195.997
191.359
174.25
178.893
167.824
196.808
183.455
186.774
198.203
182.432
184.404
176.026
169.076
191.638
173.451
174.554
171.959
198.431
168.928
195.367
196.062
172.758
198.41
183.813
168.812
199.331
197.878
195.449
181.052
180.969
170.308
171.923
195.193
189.43
201.465
186.532
172.583
198.474
166.287
174.211
198.309
187.54
177.855
183.821
174.982
200.999
190.651
185.167
183.328
188.757
183.521
191.83
189.212
209.782
175.241
179.603
188.262
193.053
189.42
187.501
208.395
184.8
190.496
183.995
205.503
156.08
159.173
195.332
214.841
183.723
188.727
171.212
177.682
198.185
163.584
174.668
178.879
192.057
192.362
186.401
190.212
204.558
201.703
178.717
180.285
162.437
206.071
200.541
195.434
199.347
167.992
186.308
185.357
190.663
199.014
189.77
166.666
190.493
200.47
182.956
168.622
189.68
161.2
168.483
193.024
195.446
161.387
181.049
191.569
190.271
181.66
166.928
173.132
163.838
194.208
182.205
185.531
171.864
169.191
195.733
174.812
174.472
179.893
193.971
165.296
198.713
190.616
171.658
180.238
190.222
175.585
170.985
180.603
182.915
185.626
202.224
192.39
174.463
172.38
198.038
178.873
184.427
163.601
186.397
180.667
168.605
215.104
170.83
195.393
177.797
181.081
180.618
186.536
194.319
177.132
177.141
163.813
191.837
183.568
181.003
187.277
191.743
190.592
183.012
180.265
185.605
169.94
164.981
163.943
167.742
181.192
172.445
177.06
175.358
173.974
178.053
195.075
175.457
192.529
182.963
189.036
164.657
189.768
178.937
179.477
178.751
167.377
176.293
162.339
155.97
181.25
167.875
178.965
172.945
186.604
202.039
176.554
179.105
180.931
200.699
182.646
205.236
180.438
183.376
208.102
190.841
178.37
171.925
183.266
168.195
167.024
180.459
177.606
182.182
167.285
184.417
174.292
167.139
196.462
180.224
177.129
203.325
175.221
159.314
190.665
224.411
201.115
178.665
183.018
162.334
183.404
160.82
180.928
172.25
169.488
149.729
188.193
188.798
185.908
168.951
161.991
187.669
175.103
170.458
186.337
188.392
172.617
192.374
170.964
176.204
191.725
185.956
199.751
181.42
192.371
190.092
160.849
173.347
187.486
170.575
193.164
159.661
182.223
179.783
199.77
186.315
177.986
196.553
177.813
174.409
178.336
205.076
186.859
164.9
185.122
184.085
178.408
203.439
192.16
190.527
191.646
190.995
191.341
160.838
184.488
180.029
191.124
174.824
204.975
180.688
187.442
182.206
167.113
174.212
183.809
185.76
182.702
189.704
190.862
184.669
180.453
186.664
179.578
176.029
189.277
195.778
189.239
197.423
176.512
177.056
160.97
174.085
183.33
207.839
182.373
194.105
178.865
169.043
168.959
203.665
189.363
180.049
182.254
175.231
169.223
197.821
172.209
185.321
176.662
197.153
171.664
186.547
193.191
212.121
193.423
185.735
189.317
192.52
199.554
192.233
191.41
185.693
183.383
170.899
181.264
189.646
181.007
164.292
198.023
177.057
182.737
206.002
172.37
185.488
169.91
166.003
168.066
186.926
167.805
209.733
196.372
183.161
175.812
176.996
181.106
206.771
194.807
181.473
185.573
187.28
185.203
162.14
190.966
188.177
167.549
179.702
172.624
188.136
176.698
187.207
143.568
201.633
179.248
172.892
178.359
185.054
190.027
172.301
194.934
179.285
174.38
188.596
220.451
180.937
192.131
163.094
182.182
156.372
160.419
169.161
175.147
185.991
180.679
160.615
173.067
176.488
192.913
180.372
191.227
188.977
178.949
173.85
194.384
173.633
182.195
177.997
168.693
185.098
176.63
190.378
185.176
179.348
192.046
161.722
174.867
195.646
183.895
173.896
184.448
149.102
165.591
167.796
169.34
168.779
151.725
175.974
176.969
190.566
163.223
197.229
205.299
176.267
216.638
200.201
174.682
192.489
163.298
192.643
190.98
189.361
176.269
180.858
184.174
178.403
193.233
173.935
195.401
182.259
163.857
180.128
202.607
190.621
181.822
179.804
187.989
193.454
184.803
171.811
174.895
180.919
184.808
190.947
172.807
175.715
182.187
190.278
179.332
192.906
186.539
194.224
181.439
209.622
161.883
192.534
168.717
167.395
172.678
185.531
198.269
176.449
196.073
217.276
176.374
213.646
177.039
173.979
184.091
191.234
177.492
180.606
198.198
210.338
171.146
171.217
179.989
204.684
199.902
182.505
177.385
193.775
203.258
184.908
167.9
188.761
169.313
182.013
206.39
171.848
171.337
182.793
163.942
193.573
191.193
166.095
183.462
188.219
212.592
185.382
186.783
180.845
175.063
191.592
188.076
197.013
180.354
182.651
172.837
188.609
200.761
165.959
167.731
207.923
183.583
189.309
181.368
179.558
166.533
162.628
179.093
187.116
202.067
182.966
183.439
184.944
181.87
178.684
167.308
184.783
171.341
188.924
195.569
159.754
179.556
203.135
162.563
181.769
165.353
169.94
187.894
182.043
200.337
180.423
188.549
202.322
175.859
171.414
200.241
192.931
185.739
165.528
194.577
193.189
189.739
158.043
181.577
182.427
176.936
194.141
194.017
150.543
174.299
186.166
158.872
167.726
193.244
161.637
170.866
184.487
184.411
201.867
180.735
176.434
182.818
162.286
181.832
195.319
185.384
157.196
189.681
197.512
179.822
186.052
181.369
185.69
171.459
157.972
173.714
173.123
204.393
174.951
164.124
200.747
176.392
179.612
174.876
162.576
193.685
187.722
178.96
197.749
184.207
166.266
197.125
173.676
182.553
155.596
169.897
196.201
179.795
170.561
158.385
172.606
199.887
170.423
181.805
171.526
167.944
164.498
176.627
160.052
184.518
182.225
178.241
181.062
203.589
197.118
196.436
185.058
177.306
174.898
202.561
183.859
190.979
202.321
189.694
172.158
163.682
160.406
190.455
182.545
173.647
180.553
183.462
175.797
156.33
173.391
162.241
186.638
195.333
169.683
183.605
171.83
192.255
168.45
168.405
194.748
174.854
178.366
177.142
199.423
175.554
194.451
172.964
194.092
193.938
185.063
177.51
181.495
170.954
181.486
180.138
178.121
205.552
195.096
164.172
183.576
180.449
193.31
192.762
189.616
188.151
177.405
182.411
192.042
170.919
171.931
185.276
160.036
153.505
177.754
185.931
203.217
198.24
191.613
205.341
179.865
179.861
195.85
176.923
182.774
179.266
194.984
182.419
167.726
191.604
163.368
175.452
202.501
188.933
178.543
186.2
185.618
188.244
173.203
175.776
180.696
169.048
203.458
176.744
166.1
194.853
156.699
172.12
179.648
186.993
173.024
197.206
177.939
189.786
176.404
173.42
191.137
184.001
176.406
171.985
183.46
167.627
200.915
174.744
228.909
180.241
165.873
189.707
177.476
179.688
183.055
179.385
176.334
201.543
224.729
200.758
197.396
190.61
189.572
180.956
201.635
182.341
175.678
175.607
172.618
177.559
160.775
197.901
157.71
167.258
192.98
157.081
150.932
188.543
202.152
199.868
164.437
175.543
168.649
179.676
197.347
189.11
187.845
187.056
178.632
182.419
181.292
195.386
180.1
171.787
211.619
161.258
191.271
191.558
186.361
192.251
192.109
166.71
180.629
179.986
160.505
170.307
175.207
167.226
205.429
168.938
175.634
181.873
180.473
180.324
167.227
174.206
177.914
173.464
178.373
181.137
171.563
168.036
173.278
163.447
170.707
179.59
188.568
187.347
157.101
173.916
182.444
151.424
165.501
188.2
178.131
197.684
177.472
188.333
177.893
154.403
161.472
166.173
194.398
192.131
185.753
174.656
176.171
176.212
164.71
182.166
160.487
173.766
177.049
